Age,Attrition,DailyRate,DistanceFromHome,Education,EmployeeNumber,EnvironmentSatisfaction,HourlyRate,JobInvolvement,JobLevel,JobSatisfaction,MonthlyIncome,MonthlyRate,NumCompaniesWorked,OverTime,PercentSalaryHike,PerformanceRating,RelationshipSatisfaction,StockOptionLevel,TotalWorkingYears,TrainingTimesLastYear,WorkLifeBalance,YearsAtCompany,YearsInCurrentRole,YearsSinceLastPromotion,YearsWithCurrManager,BusinessTravel_Travel_Frequently,BusinessTravel_Travel_Rarely,Department_Research & Development,Department_Sales,EducationField_Life Sciences,EducationField_Marketing,EducationField_Medical,EducationField_Other,EducationField_Technical Degree,Gender_Male,JobRole_Human Resources,JobRole_Laboratory Technician,JobRole_Manager,JobRole_Manufacturing Director,JobRole_Research Director,JobRole_Research Scientist,JobRole_Sales Executive,JobRole_Sales Representative,MaritalStatus_Married,MaritalStatus_Single
0.4463504035345031,1,1102,-1.0109093429124179,0.25,1,0.3333333333333333,94,0.6666666666666667,2,1.0,-0.10834951351067117,19479,8,1,11,0.0,0.0,0,-0.42164245835933756,0,0.0,-0.16461310905422863,4,0,5,False,True,False,True,True,False,False,False,False,False,False,False,False,False,False,False,True,False,False,True
1.3223652142096962,0,279,-0.14714972001373974,0.0,2,0.6666666666666667,61,0.3333333333333333,2,0.3333333333333333,-0.29171858995657424,24907,1,0,23,1.0,1.0,1,-0.16451140099023315,3,0.6666666666666667,0.48850772848886465,7,1,7,True,False,True,False,True,False,False,False,False,True,False,False,False,False,False,True,False,False,True,False
0.008342998196906572,1,1373,-0.8875151110697495,0.25,4,1.0,92,0.3333333333333333,1,0.6666666666666667,-0.9376536912260358,2396,6,1,15,0.0,0.3333333333333333,0,-0.5502079870438897,3,0.6666666666666667,-1.1442943653688686,0,0,0,False,True,True,False,False,False,False,True,False,True,False,True,False,False,False,False,False,False,False,True
-0.42966440714069,0,1392,-0.7641208792270812,0.75,5,1.0,56,0.6666666666666667,1,0.6666666666666667,-0.7636336754564013,23159,1,1,11,0.0,0.6666666666666667,0,-0.42164245835933756,3,0.6666666666666667,0.16194730971731802,7,3,0,True,False,True,False,True,False,False,False,False,False,False,False,False,False,False,True,False,False,True,False
-1.0866755151470848,0,591,-0.8875151110697495,0.0,7,0.0,40,0.6666666666666667,1,0.3333333333333333,-0.6448581091374443,16632,9,0,12,0.0,1.0,1,-0.678773515728442,3,0.6666666666666667,-0.8177339465973219,2,2,2,False,True,True,False,False,False,True,False,False,True,False,True,False,False,False,False,False,False,True,False
-0.5391662584750891,0,1005,-0.8875151110697495,0.25,8,1.0,79,0.6666666666666667,1,1.0,-0.7298495698307945,11864,0,0,13,0.0,0.6666666666666667,0,-0.42164245835933756,2,0.3333333333333333,-0.0013328996684553085,7,3,6,True,False,True,False,True,False,False,False,False,True,False,True,False,False,False,False,False,False,False,True
2.4173837275536876,0,1324,-0.7641208792270812,0.5,10,0.6666666666666667,81,1.0,1,0.0,-0.814416073220678,9964,4,1,20,1.0,0.0,3,0.09261965637887129,3,0.3333333333333333,-0.9810141559830953,0,0,0,False,True,True,False,False,False,True,False,False,False,False,True,False,False,False,False,False,False,True,False
-0.7581699611438873,0,1358,1.827157989468953,0.0,11,1.0,67,0.6666666666666667,1,0.6666666666666667,-0.8095290642308104,13335,1,0,22,1.0,0.3333333333333333,1,-1.3216011591512031,2,0.6666666666666667,-0.9810141559830953,0,0,0,False,True,True,False,True,False,False,False,False,True,False,True,False,False,False,False,False,False,False,False
0.11784484953130571,0,216,1.7037637576262845,0.5,12,1.0,44,0.3333333333333333,3,0.6666666666666667,0.6423375630633446,8787,0,0,21,1.0,0.3333333333333333,0,-0.16451140099023315,2,0.6666666666666667,0.32522751910309133,7,1,8,True,False,True,False,True,False,False,False,False,True,False,False,False,True,False,False,False,False,False,True
-0.10115885313749257,0,1299,2.197340684996958,0.5,13,0.6666666666666667,94,0.6666666666666667,2,0.6666666666666667,-0.2689833742211031,16577,6,0,13,0.0,0.3333333333333333,2,0.7354472998016324,3,0.3333333333333333,-0.0013328996684553085,7,7,7,False,True,True,False,False,False,True,False,False,True,False,False,False,False,False,False,False,False,True,False
-0.2106607044718917,0,809,0.8400041347276065,0.5,14,0.0,84,1.0,1,0.3333333333333333,-0.8662608642436216,16479,0,0,13,0.0,0.6666666666666667,1,-0.678773515728442,5,0.6666666666666667,-0.32789331844000197,4,0,3,False,True,True,False,False,False,True,False,False,True,False,True,False,False,False,False,False,False,True,False
-0.8676718124782865,0,153,0.7166099028849382,0.25,15,1.0,49,0.3333333333333333,2,0.6666666666666667,-0.4908110866307471,12682,0,1,12,0.0,1.0,0,-0.16451140099023315,3,0.6666666666666667,0.32522751910309133,5,0,8,False,True,True,False,True,False,False,False,False,False,False,True,False,False,False,False,False,False,False,True
-0.6486681098094882,0,670,2.0739464531542895,0.0,16,0.0,31,0.6666666666666667,1,0.6666666666666667,-0.7632087181529345,15170,1,0,17,0.0,1.0,1,-0.8073390444129942,1,0.3333333333333333,-0.32789331844000197,2,4,3,False,True,True,False,True,False,False,False,False,True,False,False,False,False,False,True,False,False,False,False
-0.3201625558062908,0,1346,1.2101868302556114,0.25,18,0.3333333333333333,93,0.6666666666666667,1,1.0,-0.8163283810862784,8758,0,0,11,0.0,0.6666666666666667,1,-1.0644701017820986,2,0.6666666666666667,-0.8177339465973219,2,1,2,False,True,True,False,False,False,True,False,False,True,False,True,False,False,False,False,False,False,False,False
-0.9771736638126857,1,103,1.827157989468953,0.5,19,0.6666666666666667,50,0.3333333333333333,1,0.6666666666666667,-0.9508273676335051,12947,5,1,14,0.0,0.3333333333333333,0,-0.678773515728442,4,0.6666666666666667,-0.4911735278257753,2,0,3,False,True,True,False,True,False,False,False,False,True,False,True,False,False,False,False,False,False,False,True
-0.8676718124782865,0,1389,1.456975293940948,0.75,20,0.3333333333333333,51,1.0,3,0.0,0.738802870950297,10195,1,0,11,0.0,0.6666666666666667,1,-0.16451140099023315,1,0.6666666666666667,0.48850772848886465,9,8,8,False,True,True,False,True,False,False,False,False,False,False,False,False,True,False,False,False,False,False,False
-0.5391662584750891,0,334,-0.5173324155417446,0.25,21,0.0,80,1.0,1,0.3333333333333333,-0.6809794799321182,15053,0,1,12,0.0,1.0,2,-0.5502079870438897,5,0.3333333333333333,-0.16461310905422863,2,0,5,False,True,True,False,True,False,False,False,False,True,False,False,False,False,False,True,False,False,False,False
-1.6341847718190805,0,1123,0.8400041347276065,0.25,22,1.0,96,1.0,1,1.0,-0.7581092305113335,7324,1,1,13,0.0,0.3333333333333333,2,-1.3216011591512031,2,0.3333333333333333,-0.9810141559830953,0,0,0,False,False,True,False,False,False,True,False,False,True,False,True,False,False,False,False,False,False,False,False
1.7603726195472926,0,1219,-0.8875151110697495,0.75,23,0.0,78,0.3333333333333333,4,1.0,1.8961740869419934,22021,2,0,16,0.0,0.6666666666666667,0,2.535364701385363,3,0.6666666666666667,2.9377108692754645,8,3,7,False,True,False,True,True,False,False,False,False,False,False,False,True,False,False,False,False,False,True,False
0.11784484953130571,0,371,-0.8875151110697495,0.5,24,1.0,45,0.6666666666666667,1,1.0,-0.5437182709123576,4306,5,1,11,0.0,0.6666666666666667,0,-0.678773515728442,3,0.6666666666666667,-0.6544537372115486,2,1,2,False,True,True,False,True,False,False,False,False,True,False,False,False,False,False,True,False,False,False,True
-1.4151810691502822,0,673,0.2230329755142651,0.25,26,0.0,96,1.0,2,0.6666666666666667,-0.5294822012462215,8232,0,0,18,0.0,1.0,1,-0.8073390444129942,5,0.3333333333333333,-0.4911735278257753,2,1,3,False,False,True,False,False,False,False,True,False,False,False,False,False,True,False,False,False,False,False,False
-0.10115885313749257,1,1218,-0.02375548817107146,0.75,27,0.6666666666666667,82,0.3333333333333333,1,0.0,-0.6578193068931802,6986,7,0,23,1.0,0.3333333333333333,0,-0.16451140099023315,4,0.6666666666666667,-0.32789331844000197,3,0,3,False,True,False,True,True,False,False,False,False,True,False,False,False,False,False,False,False,True,False,True
-0.3201625558062908,0,419,-0.270543951856408,0.75,28,0.0,53,0.6666666666666667,3,0.3333333333333333,1.1667348755413154,21293,0,0,11,0.0,0.6666666666666667,0,0.2211851850634235,4,0.6666666666666667,0.8150681472604113,6,2,11,False,True,True,False,True,False,False,False,False,False,False,False,False,False,True,False,False,False,False,True
-1.7436866231534796,0,391,0.7166099028849382,0.25,30,0.6666666666666667,96,0.6666666666666667,1,1.0,-1.119960374413272,19281,1,0,14,0.0,1.0,0,-1.4501666878357553,6,0.6666666666666667,-1.1442943653688686,0,0,0,False,True,True,False,True,False,False,False,False,True,False,False,False,False,False,True,False,False,False,True
-0.3201625558062908,1,699,-0.3939381836990763,0.0,31,0.3333333333333333,83,0.6666666666666667,1,0.0,-0.7527972642179991,17102,2,0,11,0.0,0.6666666666666667,0,-0.42164245835933756,2,0.6666666666666667,-0.4911735278257753,2,1,3,False,True,True,False,False,False,True,False,False,True,False,False,False,False,False,True,False,False,False,True
1.7603726195472926,0,1282,-0.5173324155417446,0.5,32,0.6666666666666667,58,0.6666666666666667,5,0.6666666666666667,2.6753333028482813,10735,4,0,11,0.0,1.0,1,1.8925370579626022,3,0.3333333333333333,1.141628566031958,13,4,8,False,True,True,False,False,False,False,True,False,False,False,False,True,False,False,False,False,False,False,False
-0.5391662584750891,1,1125,0.8400041347276065,0.0,33,0.3333333333333333,72,0.0,1,0.0,-0.549030237205692,4681,1,1,22,1.0,0.3333333333333333,0,-0.16451140099023315,5,0.6666666666666667,0.48850772848886465,2,6,7,True,False,True,False,True,False,False,False,False,False,False,False,False,False,False,True,False,False,False,True
0.5558522548689022,0,691,-0.14714972001373974,0.75,35,0.6666666666666667,48,0.6666666666666667,2,0.3333333333333333,0.06843272473149725,21173,0,0,11,0.0,1.0,1,-0.16451140099023315,2,0.6666666666666667,0.32522751910309133,7,4,2,False,True,False,True,False,True,False,False,False,True,False,False,False,False,False,False,True,False,True,False
0.7748559575377005,0,477,-0.270543951856408,0.75,36,0.0,42,0.3333333333333333,3,1.0,0.7957471496148416,2094,3,0,14,0.0,1.0,1,1.6354060005934978,4,0.6666666666666667,2.4478702411181446,6,5,17,False,True,True,False,False,False,True,False,False,False,False,False,False,False,False,False,False,False,True,False
0.9938596602064987,0,705,-0.8875151110697495,0.75,38,0.3333333333333333,83,0.6666666666666667,5,0.0,2.644098941043475,22822,3,0,12,0.0,1.0,0,1.3782749432243935,2,0.3333333333333333,-0.8177339465973219,2,2,1,False,True,False,True,False,True,False,False,False,False,False,False,True,False,False,False,False,False,False,True
-0.42966440714069,0,924,-0.8875151110697495,0.5,39,0.6666666666666667,78,0.6666666666666667,1,1.0,-0.8513873586222853,6670,4,0,11,0.0,1.0,0,-0.5502079870438897,3,0.6666666666666667,-0.9810141559830953,1,0,0,False,True,True,False,False,False,True,False,False,True,False,True,False,False,False,False,False,False,False,True
0.7748559575377005,0,1459,0.09963874367159682,0.75,40,1.0,41,0.6666666666666667,2,1.0,-0.008059589892517928,19121,2,1,13,0.0,1.0,0,-0.2930769296747854,5,1.0,-0.4911735278257753,2,1,3,False,True,True,False,False,False,False,True,False,True,False,False,False,False,False,False,False,False,True,False
-0.7581699611438873,0,125,-0.02375548817107146,0.25,41,1.0,83,0.3333333333333333,1,0.6666666666666667,-0.9130061676249642,16117,1,0,13,0.0,0.0,0,-0.16451140099023315,5,0.6666666666666667,0.48850772848886465,0,1,8,False,True,True,False,False,False,True,False,False,True,False,True,False,False,False,False,False,False,False,True
0.22734670086570485,1,895,-0.5173324155417446,0.5,42,1.0,56,0.6666666666666667,2,1.0,-0.9385036058329693,3335,3,0,14,0.0,0.6666666666666667,1,0.9925783571707368,6,1.0,-0.9810141559830953,0,0,0,False,True,False,True,False,False,False,False,True,True,False,False,False,False,False,False,False,True,True,False
-1.4151810691502822,1,813,-1.0109093429124179,0.5,45,0.3333333333333333,61,0.6666666666666667,1,1.0,-0.8945205249241606,3020,2,1,16,0.0,0.0,1,-0.678773515728442,2,0.3333333333333333,-0.8177339465973219,0,2,0,False,True,True,False,False,False,True,False,False,True,False,False,False,False,False,True,False,False,True,False
0.6653541062033014,0,1273,-0.8875151110697495,0.25,46,1.0,72,1.0,1,0.6666666666666667,-0.8197280395140124,21923,1,0,12,0.0,1.0,2,-0.678773515728442,3,0.3333333333333333,-0.32789331844000197,3,1,4,False,True,True,False,False,False,True,False,False,False,False,False,False,False,False,True,False,False,False,False
1.4318670655440953,1,869,-0.7641208792270812,0.25,47,0.0,86,0.3333333333333333,1,0.6666666666666667,-0.8116538507481441,3810,1,1,14,0.0,0.6666666666666667,0,-1.0644701017820986,2,0.6666666666666667,-0.6544537372115486,2,0,2,False,True,False,True,False,True,False,False,False,True,False,False,False,False,False,False,False,True,True,False
-0.2106607044718917,0,890,-0.8875151110697495,0.5,49,1.0,97,0.6666666666666667,1,1.0,-0.9538020687577723,9687,1,0,13,0.0,0.0,0,-1.193035630466651,3,0.6666666666666667,-0.8177339465973219,2,2,2,False,True,False,True,False,True,False,False,False,False,False,False,False,False,False,False,False,True,True,False
-0.10115885313749257,0,852,-0.5173324155417446,0.75,51,0.3333333333333333,82,0.3333333333333333,1,0.0,-0.6552695630723797,13072,9,1,14,0.0,1.0,1,-0.678773515728442,3,1.0,-0.9810141559830953,1,0,0,False,True,True,False,True,False,False,False,False,False,False,False,False,False,False,True,False,False,True,False
-0.42966440714069,0,1141,-1.0109093429124179,0.5,52,0.6666666666666667,42,1.0,2,0.0,-0.23944884163016386,3193,2,0,19,0.0,0.0,2,-0.16451140099023315,3,0.6666666666666667,-0.32789331844000197,3,1,3,True,False,False,True,True,False,False,False,False,False,False,False,False,False,False,False,True,False,True,False
-0.2106607044718917,0,464,-0.6407266473844129,0.25,53,0.6666666666666667,75,0.6666666666666667,1,1.0,-0.967188223816975,10910,1,0,12,0.0,0.6666666666666667,1,-1.3216011591512031,3,0.6666666666666667,-0.9810141559830953,0,0,0,False,True,True,False,False,False,False,True,False,True,False,True,False,False,False,False,False,False,False,False
-1.0866755151470848,0,1240,-0.8875151110697495,0.75,54,1.0,33,0.6666666666666667,1,0.0,-0.8843215496409585,19715,1,0,13,0.0,1.0,1,-1.3216011591512031,6,0.6666666666666667,-0.9810141559830953,0,0,0,False,True,True,False,True,False,False,False,False,False,False,True,False,False,False,False,False,False,False,False
-1.1961773664814839,1,1357,1.950552221311621,0.5,55,0.0,48,0.0,1,0.6666666666666667,-0.8945205249241606,10558,1,0,12,0.0,0.6666666666666667,0,-1.3216011591512031,2,0.3333333333333333,-0.9810141559830953,0,0,1,False,True,True,False,True,False,False,False,False,True,False,True,False,False,False,False,False,False,False,True
-1.0866755151470848,0,994,-0.14714972001373974,0.5,56,1.0,37,0.6666666666666667,3,0.6666666666666667,0.4723546416766441,2975,1,0,15,0.0,1.0,0,-0.2930769296747854,0,0.6666666666666667,0.32522751910309133,8,1,7,True,False,False,True,True,False,False,False,False,True,False,False,False,False,False,False,True,False,False,True
-0.7581699611438873,0,721,-1.0109093429124179,0.25,57,0.6666666666666667,58,0.6666666666666667,2,1.0,-0.5294822012462215,10781,1,0,23,1.0,1.0,0,0.09261965637887129,2,0.6666666666666667,0.8150681472604113,8,3,7,True,False,True,False,False,False,True,False,False,False,False,True,False,False,False,False,False,False,False,True
0.4463504035345031,1,1360,0.3464272073569334,0.5,58,0.3333333333333333,49,0.6666666666666667,5,0.6666666666666667,2.7711611747800338,16280,1,0,12,0.0,1.0,0,1.5068404719089457,0,0.6666666666666667,2.4478702411181446,15,15,8,False,True,True,False,False,False,False,False,True,False,False,False,False,False,True,False,False,False,True,False
-0.3201625558062908,0,1065,1.7037637576262845,0.75,60,0.3333333333333333,72,0.6666666666666667,2,0.6666666666666667,-0.41113159223073126,10034,0,0,20,1.0,0.6666666666666667,0,-0.16451140099023315,2,0.6666666666666667,0.32522751910309133,5,8,7,False,False,False,True,False,True,False,False,False,True,False,False,False,False,False,False,True,False,False,True
0.008342998196906572,0,408,1.2101868302556114,0.25,61,0.3333333333333333,73,0.6666666666666667,1,0.3333333333333333,-0.7396235878105298,10227,4,0,21,1.0,0.0,0,-0.42164245835933756,1,0.6666666666666667,-0.9810141559830953,0,0,0,False,True,True,False,True,False,False,False,False,True,False,False,False,False,False,True,False,False,True,False
0.9938596602064987,0,1211,-0.5173324155417446,0.75,62,0.0,98,0.6666666666666667,2,1.0,-0.15530729554374717,20445,4,1,21,1.0,0.6666666666666667,0,0.34975071374797573,4,0.6666666666666667,0.32522751910309133,6,0,8,True,False,False,True,False,True,False,False,False,True,False,False,False,False,False,False,True,False,False,True
-0.2106607044718917,0,1229,-0.14714972001373974,0.0,63,1.0,36,1.0,1,1.0,-0.8996200125657616,4892,1,0,19,0.0,1.0,0,-1.3216011591512031,2,0.6666666666666667,-0.9810141559830953,0,0,1,False,True,True,False,True,False,False,False,False,True,False,True,False,False,False,False,False,False,True,False
1.2128633628752972,1,626,-1.0109093429124179,0.25,64,0.0,98,0.3333333333333333,3,0.6666666666666667,-0.23838644837149697,19294,9,1,13,0.0,1.0,0,1.5068404719089457,2,0.6666666666666667,-0.9810141559830953,0,0,0,False,True,True,False,True,False,False,False,False,True,False,True,False,False,False,False,False,False,False,True
-0.9771736638126857,1,1434,-0.5173324155417446,0.75,65,0.6666666666666667,50,0.6666666666666667,1,0.6666666666666667,-0.6505950327342455,11179,1,1,13,0.0,0.6666666666666667,0,-1.193035630466651,3,0.3333333333333333,-0.8177339465973219,2,2,2,False,True,True,False,False,False,False,False,True,True,False,True,False,False,False,False,False,False,False,True
0.7748559575377005,0,1488,-1.0109093429124179,1.0,68,0.3333333333333333,75,0.6666666666666667,2,0.0,-0.22287550679496057,4009,5,1,21,1.0,0.6666666666666667,1,-0.2930769296747854,2,0.3333333333333333,-0.4911735278257753,3,1,3,False,True,False,True,False,True,False,False,False,False,False,False,False,False,False,False,True,False,False,False
-0.2106607044718917,0,1097,0.2230329755142651,0.25,70,0.6666666666666667,79,0.3333333333333333,3,0.0,0.7184049203838929,8302,2,1,13,0.0,0.6666666666666667,1,-0.16451140099023315,3,0.6666666666666667,-0.4911735278257753,0,2,3,False,False,True,False,False,False,True,False,False,True,False,False,False,False,False,False,False,False,True,False
-1.1961773664814839,0,1443,1.7037637576262845,0.5,72,0.6666666666666667,47,0.3333333333333333,2,1.0,-0.4984603180931486,21436,7,1,19,0.0,0.6666666666666667,1,-0.8073390444129942,2,0.3333333333333333,-0.8177339465973219,2,0,0,False,True,False,True,False,True,False,False,False,False,False,False,False,False,False,False,True,False,True,False
-0.42966440714069,0,515,-1.0109093429124179,0.25,73,0.0,98,0.6666666666666667,3,1.0,1.477803621678977,15146,1,1,12,0.0,0.6666666666666667,0,0.4783162424325279,1,0.6666666666666667,1.3049087754177313,14,8,12,True,False,True,False,True,False,False,False,False,False,False,False,False,False,True,False,False,False,False,True
-0.2106607044718917,0,853,1.0867925984129432,1.0,74,0.3333333333333333,71,0.6666666666666667,3,0.0,0.5452348192211919,11031,1,0,22,1.0,1.0,1,-0.2930769296747854,3,0.3333333333333333,0.32522751910309133,8,1,8,True,False,False,True,True,False,False,False,False,True,False,False,False,False,False,False,True,False,True,False
-0.2106607044718917,0,1142,1.7037637576262845,0.75,75,0.6666666666666667,30,0.6666666666666667,1,0.0,-0.5288447652910213,16002,3,1,15,0.0,0.6666666666666667,1,-0.9359045730975464,3,0.6666666666666667,-0.8177339465973219,2,2,2,False,True,True,False,False,False,True,False,False,False,False,True,False,False,False,False,False,False,True,False
-0.6486681098094882,0,655,-0.270543951856408,0.75,76,1.0,48,0.6666666666666667,2,1.0,-0.12492284834587446,9528,3,0,22,1.0,1.0,1,-0.16451140099023315,3,0.3333333333333333,-0.0013328996684553085,7,1,7,False,True,True,False,True,False,False,False,False,True,False,True,False,False,False,False,False,False,False,False
0.008342998196906572,0,1115,-1.0109093429124179,0.75,77,0.0,51,0.3333333333333333,2,0.6666666666666667,-0.10834951351067117,2689,1,0,18,0.0,0.6666666666666667,1,-0.5502079870438897,2,1.0,-0.0013328996684553085,5,0,7,False,True,True,False,True,False,False,False,False,True,False,False,False,True,False,False,False,False,False,False
-0.5391662584750891,0,427,-1.0109093429124179,0.5,78,0.0,33,0.6666666666666667,2,1.0,-0.0724406213677307,10877,1,1,22,1.0,0.3333333333333333,1,-0.2930769296747854,3,0.6666666666666667,0.32522751910309133,8,7,8,False,True,True,False,False,False,True,False,False,True,False,False,False,True,False,False,False,False,True,False
0.11784484953130571,0,653,2.4441291486822943,1.0,79,1.0,50,0.6666666666666667,2,1.0,-0.8705104372782891,5456,1,0,11,0.0,1.0,0,-0.16451140099023315,2,0.6666666666666667,0.48850772848886465,3,9,9,True,False,True,False,True,False,False,False,False,False,False,True,False,False,False,False,False,False,False,True
1.4318670655440953,0,989,-0.270543951856408,0.25,80,0.3333333333333333,43,0.3333333333333333,5,0.6666666666666667,2.6001158601346663,16701,5,1,12,0.0,1.0,1,2.2782336440162587,2,0.3333333333333333,3.264271288047011,3,13,8,False,True,True,False,False,False,True,False,False,False,False,False,False,False,True,False,False,False,False,False
2.4173837275536876,0,1435,1.950552221311621,0.5,81,0.0,99,0.6666666666666667,3,0.0,0.24096538993899816,2354,7,0,11,0.0,1.0,0,2.1496681153317065,3,0.3333333333333333,2.284590031732371,16,7,9,False,True,False,True,True,False,False,False,False,False,False,False,False,False,False,False,True,False,False,True
-0.10115885313749257,0,1223,-0.14714972001373974,0.5,83,0.6666666666666667,59,0.6666666666666667,3,0.6666666666666667,0.7634503945513685,8202,1,0,13,0.0,0.3333333333333333,3,0.7354472998016324,2,0.6666666666666667,1.6314691941892778,14,12,8,False,True,True,False,False,False,False,False,True,False,False,False,False,False,False,False,False,False,False,False
1.979376322216091,0,836,-0.14714972001373974,0.5,84,1.0,33,0.6666666666666667,4,0.6666666666666667,1.7536009116288984,19730,2,1,14,0.0,0.6666666666666667,3,1.2497094145398413,2,0.6666666666666667,-0.32789331844000197,0,0,2,False,True,True,False,False,False,True,False,False,False,False,False,True,False,False,False,False,False,False,False
-0.10115885313749257,0,1195,0.2230329755142651,0.5,85,0.3333333333333333,95,0.3333333333333333,2,0.3333333333333333,-0.0008353157335831605,22656,1,0,13,0.0,0.6666666666666667,0,-0.678773515728442,3,0.6666666666666667,-0.16461310905422863,5,0,3,True,False,True,False,True,False,False,False,False,True,False,False,False,True,False,False,False,False,False,True
0.8843578088720997,0,1339,-0.270543951856408,0.5,86,0.3333333333333333,59,0.6666666666666667,3,0.0,0.6844083361065528,18787,2,0,17,0.0,0.6666666666666667,1,1.76397152927805,2,0.6666666666666667,-0.9810141559830953,0,0,0,False,True,True,False,True,False,False,False,False,True,False,False,False,False,False,True,False,False,False,False
-0.2106607044718917,0,664,-1.0109093429124179,0.5,88,0.3333333333333333,79,0.6666666666666667,1,0.0,-0.9155559114457648,5868,4,0,13,0.0,1.0,1,-0.8073390444129942,2,0.3333333333333333,-0.6544537372115486,2,1,2,True,False,True,False,False,False,True,False,False,True,False,False,False,False,False,True,False,False,True,False
-0.10115885313749257,1,318,-0.02375548817107146,0.5,90,1.0,79,0.3333333333333333,1,0.6666666666666667,-0.6618564012761143,21777,0,1,17,0.0,0.0,1,-1.193035630466651,0,0.3333333333333333,-0.9810141559830953,0,0,0,False,True,True,False,False,False,True,False,False,True,False,False,False,False,False,True,False,False,True,False
2.4173837275536876,0,1225,-1.0109093429124179,0.0,91,0.0,57,0.3333333333333333,2,0.6666666666666667,-0.21883841241202642,24668,7,0,11,0.0,1.0,0,1.121143885855289,2,0.3333333333333333,-0.4911735278257753,3,1,3,True,False,False,True,True,False,False,False,False,False,False,False,False,False,False,False,True,False,False,True
-0.8676718124782865,0,1328,-0.8875151110697495,0.5,94,0.6666666666666667,76,0.6666666666666667,1,0.3333333333333333,-0.8074042777134766,4956,0,0,23,1.0,1.0,1,-0.678773515728442,3,0.6666666666666667,-0.32789331844000197,4,0,4,False,True,True,False,True,False,False,False,False,True,False,False,False,False,False,True,False,False,True,False
-0.6486681098094882,0,1082,-1.0109093429124179,0.75,95,0.6666666666666667,87,0.6666666666666667,1,0.3333333333333333,-0.8503249653636185,18775,1,0,17,0.0,0.3333333333333333,0,-1.3216011591512031,4,0.6666666666666667,-0.9810141559830953,1,1,0,False,True,True,False,False,False,True,False,False,True,False,False,False,False,False,True,False,False,False,True
-0.5391662584750891,0,548,-1.0109093429124179,0.5,96,0.3333333333333333,66,0.6666666666666667,2,0.3333333333333333,-0.06011685956719493,7346,1,0,17,0.0,0.3333333333333333,2,-0.16451140099023315,3,0.6666666666666667,0.48850772848886465,4,0,9,False,True,True,False,True,False,False,False,False,True,False,False,False,False,False,True,False,False,True,False
-0.10115885313749257,0,132,-0.3939381836990763,0.5,97,0.3333333333333333,55,1.0,1,1.0,-0.7362239293827958,22002,3,0,12,0.0,0.3333333333333333,0,-0.8073390444129942,3,0.6666666666666667,-0.9810141559830953,0,0,0,False,True,True,False,True,False,False,False,False,False,False,True,False,False,False,False,False,False,True,False
-0.6486681098094882,0,746,-0.14714972001373974,0.75,98,0.6666666666666667,61,0.6666666666666667,2,1.0,-0.44172851808033736,20682,1,0,23,1.0,1.0,0,-0.03594587230568093,2,0.6666666666666667,0.651787937874638,7,1,8,False,True,True,False,True,False,False,False,False,False,False,False,False,True,False,False,False,False,False,True
-0.2106607044718917,0,776,-1.0109093429124179,0.75,100,0.6666666666666667,32,0.3333333333333333,2,0.0,-0.4655261270744754,23016,0,0,14,0.0,0.3333333333333333,0,0.6068817711170802,2,0.6666666666666667,1.3049087754177313,13,2,8,False,True,False,True,False,True,False,False,False,True,False,False,False,False,False,False,True,False,False,True
0.8843578088720997,0,193,-0.3939381836990763,0.75,101,1.0,52,0.6666666666666667,3,0.0,1.432545668859768,15067,4,1,14,0.0,0.3333333333333333,0,0.7354472998016324,3,1.0,-1.1442943653688686,0,0,0,False,True,True,False,False,False,False,True,False,True,False,False,False,False,True,False,False,False,True,False
0.008342998196906572,0,397,-0.270543951856408,0.75,102,0.0,30,0.6666666666666667,3,0.6666666666666667,1.5215742239360524,25258,4,0,13,0.0,0.0,0,0.6068817711170802,3,1.0,-0.32789331844000197,2,0,2,False,True,True,False,False,False,True,False,False,True,False,False,False,False,True,False,False,False,False,True
0.9938596602064987,0,945,-0.5173324155417446,0.25,103,0.3333333333333333,80,0.6666666666666667,2,0.3333333333333333,-0.31487876299551215,10425,8,1,22,1.0,1.0,1,0.6068817711170802,2,0.6666666666666667,-0.4911735278257753,2,0,2,False,True,False,False,False,False,True,False,False,True,True,False,False,False,False,False,False,False,False,False
-0.7581699611438873,0,852,-1.0109093429124179,0.0,104,1.0,55,0.3333333333333333,2,1.0,-0.29256850456350775,15998,1,1,12,0.0,0.6666666666666667,2,-0.16451140099023315,1,0.3333333333333333,0.48850772848886465,8,3,0,False,True,True,False,True,False,False,False,False,True,False,True,False,False,False,False,False,False,True,False
-0.2106607044718917,0,1214,-1.0109093429124179,0.5,105,0.3333333333333333,30,0.3333333333333333,1,0.6666666666666667,-0.77425760804307,26278,1,0,18,0.0,0.0,0,-0.678773515728442,3,0.6666666666666667,-0.16461310905422863,4,0,4,False,True,True,False,False,False,True,False,False,True,False,False,False,False,False,True,False,False,False,True
1.979376322216091,0,111,-1.0109093429124179,0.25,106,0.0,70,0.6666666666666667,3,1.0,0.7938348417492412,18092,3,0,14,0.0,1.0,1,1.6354060005934978,4,0.6666666666666667,-0.9810141559830953,0,1,0,False,True,False,True,True,False,False,False,False,True,False,False,False,False,False,False,True,False,True,False
0.11784484953130571,0,573,-0.3939381836990763,0.5,107,0.3333333333333333,79,0.0,2,1.0,-0.2494353382616325,15717,7,1,12,0.0,1.0,3,0.7354472998016324,3,0.6666666666666667,0.9783483566461847,11,1,9,False,False,True,False,False,False,True,False,False,False,False,False,False,False,False,True,False,False,False,False
-0.3201625558062908,0,1153,-1.0109093429124179,0.25,110,0.0,94,0.6666666666666667,2,0.3333333333333333,-0.4627639046019415,17736,1,0,15,0.0,0.6666666666666667,0,-0.8073390444129942,2,0.6666666666666667,-0.32789331844000197,2,1,3,False,True,True,False,False,False,True,False,False,True,False,False,False,True,False,False,False,False,True,False
2.08887817355049,0,1400,-0.270543951856408,0.5,112,1.0,49,0.0,3,1.0,0.16086093823551562,21698,4,0,11,0.0,0.0,0,3.3067578734926766,3,0.3333333333333333,-0.16461310905422863,4,0,2,False,True,True,False,True,False,False,False,False,True,False,False,False,True,False,False,False,False,False,True
-1.5246829204846812,0,541,-0.8875151110697495,0.0,113,0.6666666666666667,62,0.6666666666666667,1,0.0,-0.8883586440238926,9518,3,0,13,0.0,0.6666666666666667,1,-1.0644701017820986,3,0.6666666666666667,-1.1442943653688686,0,0,0,False,True,False,True,False,False,False,False,True,True,False,False,False,False,False,False,False,True,False,False
1.5413689168784945,0,432,-0.02375548817107146,0.75,116,1.0,96,0.6666666666666667,1,1.0,-0.9408408710020364,18725,3,0,23,1.0,0.3333333333333333,2,-0.16451140099023315,4,0.6666666666666667,-0.4911735278257753,2,0,3,False,True,True,False,True,False,False,False,False,True,False,True,False,False,False,False,False,False,True,False
-0.7581699611438873,0,288,-0.8875151110697495,0.5,117,0.6666666666666667,99,0.3333333333333333,2,1.0,-0.4995227113518155,15830,1,0,19,0.0,0.0,3,-0.03594587230568093,3,0.6666666666666667,0.651787937874638,10,10,8,False,True,True,False,True,False,False,False,False,True,False,False,False,False,False,False,False,False,True,False
0.9938596602064987,1,669,-0.02375548817107146,0.25,118,0.6666666666666667,64,0.3333333333333333,3,1.0,0.6620980776745484,13596,1,0,16,0.0,1.0,0,-0.2930769296747854,3,0.6666666666666667,0.32522751910309133,8,4,7,False,True,False,True,False,False,True,False,False,True,False,False,False,False,False,False,True,False,False,True
0.33684855220010396,0,530,-1.0109093429124179,0.75,119,0.6666666666666667,78,0.3333333333333333,4,0.3333333333333333,1.487365161006979,14115,1,0,22,1.0,1.0,1,1.3782749432243935,3,0.3333333333333333,2.4478702411181446,3,11,11,True,False,True,False,True,False,False,False,False,True,False,False,False,False,False,False,False,False,True,False
1.5413689168784945,0,632,1.456975293940948,0.75,120,0.6666666666666667,71,0.6666666666666667,2,1.0,-0.22563772926749445,8423,0,1,22,1.0,1.0,0,-0.03594587230568093,2,0.0,0.48850772848886465,7,1,0,False,True,False,True,False,True,False,False,False,True,False,False,False,False,False,False,True,False,False,True
-0.7581699611438873,0,1334,-0.6407266473844129,0.25,121,0.6666666666666667,63,0.3333333333333333,2,0.3333333333333333,-0.2749327764696376,19760,1,1,12,0.0,0.3333333333333333,3,-0.03594587230568093,4,0.3333333333333333,0.651787937874638,8,2,7,False,True,False,True,False,False,True,False,False,False,False,False,False,False,False,False,True,False,False,False
0.9938596602064987,0,638,-1.0109093429124179,0.5,124,0.6666666666666667,40,0.3333333333333333,3,0.0,0.8860505766015262,3142,2,1,13,0.0,0.6666666666666667,1,1.2497094145398413,5,0.3333333333333333,0.48850772848886465,9,9,5,True,False,True,False,False,False,True,False,False,True,False,False,False,False,False,False,False,False,True,False
-0.5391662584750891,0,1093,-0.3939381836990763,0.75,125,0.3333333333333333,87,0.6666666666666667,2,0.6666666666666667,-0.3172160281645793,24301,1,0,16,0.0,0.0,0,0.09261965637887129,0,0.6666666666666667,0.651787937874638,8,5,7,False,True,False,True,False,False,True,False,False,True,False,False,False,False,False,False,True,False,False,True
1.869874470881692,0,1217,-0.8875151110697495,0.75,126,0.0,60,0.6666666666666667,3,0.6666666666666667,1.4971391789867141,24001,9,0,12,0.0,0.0,1,0.6068817711170802,5,0.0,-0.4911735278257753,3,0,3,False,True,True,False,False,False,False,False,True,False,False,False,False,False,True,False,False,False,True,False
-1.4151810691502822,0,1353,-0.7641208792270812,0.25,128,0.0,33,0.6666666666666667,2,0.6666666666666667,-0.3195532933336464,17519,0,0,21,1.0,0.0,1,-0.9359045730975464,2,0.3333333333333333,-0.6544537372115486,2,0,2,False,True,False,True,False,False,False,True,False,False,False,False,False,False,False,False,True,False,True,False
-0.9771736638126857,0,120,-0.6407266473844129,0.5,129,0.3333333333333333,43,0.6666666666666667,2,0.6666666666666667,-0.48486168438221255,8863,1,0,15,0.0,0.3333333333333333,0,-0.8073390444129942,3,1.0,-0.32789331844000197,4,0,4,False,False,False,True,False,False,True,False,False,True,False,False,False,False,False,False,True,False,True,False
2.3078818762192883,0,682,0.09963874367159682,0.75,131,1.0,37,0.6666666666666667,4,0.6666666666666667,1.5657697834965945,24409,0,0,13,0.0,0.6666666666666667,0,3.4353234021772288,1,0.3333333333333333,4.897073381904744,10,1,8,False,True,False,True,False,False,True,False,False,True,False,False,False,False,False,False,True,False,False,True
0.7748559575377005,0,489,1.7037637576262845,0.5,132,0.3333333333333333,67,0.6666666666666667,2,0.3333333333333333,-0.9478526665092378,25043,4,0,12,0.0,0.6666666666666667,1,0.7354472998016324,3,1.0,-0.6544537372115486,2,1,2,False,False,True,False,False,False,True,False,False,True,False,True,False,False,False,False,False,False,True,False
0.008342998196906572,1,807,-0.3939381836990763,0.75,133,0.6666666666666667,63,0.6666666666666667,1,0.0,-0.9412658283055032,23648,4,1,22,1.0,1.0,0,-0.5502079870438897,3,0.6666666666666667,-0.6544537372115486,2,0,2,False,True,False,False,False,False,False,False,False,True,True,False,False,False,False,False,False,False,False,False
-0.5391662584750891,0,827,-1.0109093429124179,0.0,134,1.0,71,0.6666666666666667,1,0.0,-0.7536471788249326,15178,1,0,13,0.0,1.0,0,-1.3216011591512031,2,0.6666666666666667,-0.9810141559830953,0,0,0,False,True,True,False,True,False,False,False,False,True,False,False,False,False,False,True,False,False,False,True
-1.8531884744878788,1,871,-0.3939381836990763,0.5,137,1.0,66,0.3333333333333333,1,1.0,-0.7600215383769339,19783,1,1,18,0.0,0.3333333333333333,0,-1.3216011591512031,5,0.6666666666666667,-0.9810141559830953,0,1,0,True,False,True,False,True,False,False,False,False,False,False,True,False,False,False,False,False,False,False,True
-0.3201625558062908,0,665,-0.3939381836990763,0.75,138,0.0,41,0.6666666666666667,2,0.6666666666666667,-0.35992423716298777,12482,1,0,14,0.0,0.6666666666666667,0,0.6068817711170802,3,0.6666666666666667,1.4681889848035046,13,2,10,False,True,True,False,False,False,False,True,False,False,False,False,False,False,False,True,False,False,False,True
0.008342998196906572,0,1040,-0.8875151110697495,0.25,139,0.6666666666666667,100,0.3333333333333333,2,1.0,-0.28470679444937286,15850,5,0,14,0.0,1.0,1,0.7354472998016324,2,1.0,-0.9810141559830953,0,0,0,False,False,True,False,True,False,False,False,False,True,False,False,False,False,False,False,False,False,False,False
2.4173837275536876,0,1420,-0.8875151110697495,0.75,140,0.6666666666666667,32,0.3333333333333333,5,1.0,2.6222136399149374,21922,9,0,21,1.0,1.0,1,2.406799172700811,3,0.6666666666666667,-0.6544537372115486,2,2,2,False,False,False,False,False,False,False,False,False,False,False,False,True,False,False,False,False,False,True,False
1.4318670655440953,0,1115,-1.0109093429124179,0.5,141,0.0,73,0.6666666666666667,5,0.3333333333333333,2.4794279859501094,9755,3,1,19,0.0,0.0,0,2.1496681153317065,1,0.3333333333333333,0.16194730971731802,3,0,7,True,False,True,False,True,False,False,False,False,False,False,False,False,False,True,False,False,False,True,False
-1.3056792178158831,1,240,-0.5173324155417446,0.5,142,0.6666666666666667,46,0.3333333333333333,2,0.6666666666666667,-0.16125669779228166,26959,1,1,11,0.0,1.0,0,-0.678773515728442,1,0.6666666666666667,-0.16461310905422863,4,0,3,False,True,False,True,False,True,False,False,False,True,False,False,False,False,False,False,True,False,False,True
-1.3056792178158831,0,1280,-0.270543951856408,0.0,143,1.0,64,0.3333333333333333,1,1.0,-0.7678832484910688,26897,1,0,11,0.0,0.6666666666666667,2,-1.193035630466651,2,0.6666666666666667,-0.8177339465973219,2,2,1,False,True,True,False,False,False,True,False,False,True,False,False,False,False,False,True,False,False,True,False
-1.6341847718190805,0,534,0.7166099028849382,0.5,144,0.3333333333333333,59,0.6666666666666667,1,1.0,-0.7717078642222696,23785,1,0,15,0.0,0.6666666666666667,0,-1.3216011591512031,5,0.6666666666666667,-1.1442943653688686,0,0,0,False,True,True,False,False,False,True,False,False,False,False,True,False,False,False,False,False,False,False,True
1.5413689168784945,0,1456,-1.0109093429124179,0.75,145,0.0,30,0.3333333333333333,3,0.0,0.2084561562237917,25796,3,0,20,1.0,0.6666666666666667,0,1.5068404719089457,1,0.3333333333333333,0.9783483566461847,12,12,8,True,False,True,False,False,False,True,False,False,False,False,False,False,False,False,False,False,False,False,True
-0.3201625558062908,1,658,-0.270543951856408,0.5,147,0.0,66,0.0,2,0.6666666666666667,-0.09113874272026776,22887,1,1,24,1.0,1.0,0,-0.2930769296747854,3,0.6666666666666667,0.32522751910309133,7,0,6,True,False,True,False,True,False,False,False,False,True,False,True,False,False,False,False,False,False,False,True
1.869874470881692,0,142,2.0739464531542895,0.5,148,1.0,30,1.0,4,1.0,2.3000960038871403,13871,2,1,12,0.0,0.6666666666666667,0,1.5068404719089457,3,0.6666666666666667,-0.32789331844000197,3,4,4,False,False,False,False,False,False,False,False,False,False,False,False,True,False,False,False,False,False,False,True
-1.4151810691502822,0,1127,1.0867925984129432,0.0,150,0.3333333333333333,52,0.6666666666666667,1,0.6666666666666667,-0.7923182934404069,13257,0,0,12,0.0,0.6666666666666667,1,-0.678773515728442,2,0.6666666666666667,-0.32789331844000197,3,1,2,False,True,True,False,True,False,False,False,False,True,False,True,False,False,False,False,False,False,True,False
-0.3201625558062908,0,1031,-0.3939381836990763,0.75,151,0.6666666666666667,45,0.3333333333333333,2,0.3333333333333333,-0.4245177472899339,15000,6,0,15,0.0,0.6666666666666667,1,0.09261965637887129,3,0.6666666666666667,-0.9810141559830953,0,0,0,False,True,True,False,True,False,False,False,False,False,False,False,False,False,False,True,False,False,False,False
0.008342998196906572,0,1189,-0.7641208792270812,0.5,152,0.6666666666666667,87,0.6666666666666667,3,1.0,0.1965573517267227,14506,2,0,12,0.0,0.0,0,0.09261965637887129,3,0.6666666666666667,-0.32789331844000197,3,1,3,False,True,False,True,True,False,False,False,False,True,False,False,False,False,False,False,True,False,False,True
-0.3201625558062908,0,1354,-0.5173324155417446,0.5,153,0.6666666666666667,45,0.3333333333333333,3,0.0,1.0896051249621,5615,2,0,12,0.0,1.0,0,0.34975071374797573,6,0.6666666666666667,0.651787937874638,10,5,8,False,True,True,False,False,False,True,False,False,False,False,False,True,False,False,False,False,False,False,True
-0.10115885313749257,0,1467,0.2230329755142651,0.25,154,0.3333333333333333,92,0.6666666666666667,3,1.0,0.6873830372308202,22952,0,0,14,0.0,0.6666666666666667,1,-0.16451140099023315,6,0.6666666666666667,0.32522751910309133,7,2,8,True,False,False,True,False,False,False,False,True,False,False,False,False,False,False,False,True,False,True,False
-0.10115885313749257,0,922,-0.7641208792270812,0.25,155,0.0,39,0.6666666666666667,1,1.0,-0.779357095684671,2561,5,0,22,1.0,0.0,1,-0.5502079870438897,2,0.6666666666666667,-0.9810141559830953,0,0,0,False,True,True,False,True,False,False,False,False,False,False,True,False,False,False,False,False,False,False,False
0.6653541062033014,0,394,2.0739464531542895,0.25,158,0.6666666666666667,92,0.6666666666666667,4,1.0,2.2216913813975245,19494,1,1,12,0.0,1.0,2,1.76397152927805,3,1.0,2.9377108692754645,12,4,12,True,False,False,True,True,False,False,False,False,True,False,False,True,False,False,False,False,False,True,False
-0.7581699611438873,0,1312,1.7037637576262845,0.5,159,0.0,96,0.0,1,0.6666666666666667,-0.8265273563694804,22310,1,0,25,1.0,0.6666666666666667,3,-0.16451140099023315,2,0.3333333333333333,0.48850772848886465,7,0,9,True,False,True,False,True,False,False,False,False,True,False,False,False,False,False,True,False,False,False,False
-0.42966440714069,0,750,1.5803695257836163,0.25,160,0.6666666666666667,95,0.6666666666666667,2,0.3333333333333333,-0.07584027979546472,15480,0,0,13,0.0,0.0,1,-0.42164245835933756,2,1.0,-0.0013328996684553085,7,0,7,False,False,False,True,False,True,False,False,False,True,False,False,False,False,False,False,True,False,True,False
2.08887817355049,1,441,0.59321567104227,0.75,161,0.3333333333333333,72,0.6666666666666667,1,0.3333333333333333,-0.32720252479604794,4510,9,1,18,0.0,0.0,3,-0.5502079870438897,2,0.6666666666666667,-0.32789331844000197,4,4,3,False,True,True,False,True,False,False,False,False,False,False,False,False,False,False,True,False,False,True,False
1.5413689168784945,0,684,-0.3939381836990763,0.5,162,0.0,51,0.6666666666666667,5,0.6666666666666667,2.769461345566167,6462,7,0,13,0.0,0.6666666666666667,0,1.5068404719089457,5,0.6666666666666667,2.1213098223465976,18,15,15,False,True,True,False,True,False,False,False,False,True,False,False,False,False,True,False,False,False,False,True
-0.6486681098094882,1,249,-0.3939381836990763,0.75,163,0.3333333333333333,76,0.0,2,0.6666666666666667,-0.07031583485039695,20739,4,1,18,0.0,0.3333333333333333,0,0.09261965637887129,3,0.3333333333333333,-0.0013328996684553085,7,7,7,False,True,False,True,True,False,False,False,False,True,False,False,False,False,False,False,True,False,True,False
-1.1961773664814839,0,841,-0.3939381836990763,0.5,164,0.6666666666666667,46,0.3333333333333333,1,0.3333333333333333,-0.8785846260441574,23300,1,0,19,0.0,0.6666666666666667,0,-0.8073390444129942,3,0.3333333333333333,-0.32789331844000197,4,4,3,False,True,True,False,False,False,False,True,False,False,False,False,False,False,False,True,False,False,True,False
2.3078818762192883,1,147,1.7037637576262845,0.75,165,1.0,94,0.6666666666666667,3,1.0,0.8093457833257777,3465,1,0,12,0.0,1.0,1,3.692454459546333,3,0.3333333333333333,5.386914010062064,10,15,6,False,True,True,False,False,False,True,False,False,False,False,False,False,False,False,False,False,False,True,False
-1.9626903258222779,1,528,1.5803695257836163,0.0,167,1.0,50,0.6666666666666667,1,0.6666666666666667,-1.0258323316953866,26820,1,1,19,0.0,1.0,0,-1.4501666878357553,2,0.3333333333333333,-1.1442943653688686,0,0,0,False,True,False,True,False,True,False,False,False,True,False,False,False,False,False,False,False,True,False,True
-1.6341847718190805,0,594,-0.8875151110697495,0.0,169,0.6666666666666667,100,0.6666666666666667,1,1.0,-0.8456504350254842,19299,0,0,14,0.0,0.6666666666666667,1,-1.0644701017820986,2,0.6666666666666667,-0.8177339465973219,1,2,1,False,True,True,False,False,False,False,False,True,True,False,True,False,False,False,False,False,False,True,False
1.3223652142096962,0,470,1.3335810620982798,0.75,170,0.6666666666666667,96,0.6666666666666667,2,0.0,0.013613232584286374,5549,1,0,14,0.0,0.6666666666666667,0,0.6068817711170802,2,0.3333333333333333,1.3049087754177313,11,5,11,False,True,True,False,False,False,True,False,False,False,False,False,False,True,False,False,False,False,True,False
0.6653541062033014,0,957,2.320734916839626,0.5,171,0.3333333333333333,72,1.0,1,0.6666666666666667,-0.37479774278432404,16090,4,0,12,0.0,1.0,0,0.8640128284861845,2,0.6666666666666667,-0.6544537372115486,2,1,2,True,False,True,False,False,False,True,False,False,False,False,False,False,False,False,True,False,False,False,True
1.4318670655440953,0,809,0.3464272073569334,0.5,174,0.6666666666666667,77,0.6666666666666667,3,1.0,0.5747693518121311,6645,4,0,11,0.0,1.0,0,0.6068817711170802,3,0.6666666666666667,-0.8177339465973219,2,2,1,True,False,False,True,False,True,False,False,False,False,False,False,False,False,False,False,True,False,False,True
-0.6486681098094882,1,542,1.3335810620982798,0.5,175,0.3333333333333333,71,0.0,2,0.6666666666666667,-0.41304390009633163,24788,3,1,11,0.0,0.6666666666666667,1,-0.9359045730975464,2,0.6666666666666667,-0.8177339465973219,2,2,2,False,True,False,True,True,False,False,False,False,False,False,False,False,False,False,False,True,False,True,False
0.4463504035345031,0,802,-0.02375548817107146,0.0,176,0.6666666666666667,96,0.6666666666666667,3,0.6666666666666667,0.35825360569582143,21196,3,1,13,0.0,0.6666666666666667,1,0.09261965637887129,2,0.6666666666666667,0.32522751910309133,7,0,7,False,True,False,True,True,False,False,False,False,True,False,False,False,False,False,False,True,False,False,False
-1.1961773664814839,0,1355,1.950552221311621,0.0,177,0.6666666666666667,61,0.6666666666666667,1,0.6666666666666667,-0.7566218799491998,8916,1,0,23,1.0,1.0,1,-0.42164245835933756,3,0.6666666666666667,0.16194730971731802,7,5,7,False,True,False,False,True,False,False,False,False,False,True,False,False,False,False,False,False,False,True,False
-0.10115885313749257,0,216,-0.3939381836990763,0.25,178,0.3333333333333333,84,0.6666666666666667,2,0.3333333333333333,-0.3318770551341822,2819,6,0,20,1.0,1.0,2,-0.5502079870438897,0,0.6666666666666667,-0.6544537372115486,2,0,1,False,True,True,False,False,False,True,False,False,True,False,False,False,True,False,False,False,False,False,False
1.5413689168784945,1,1150,-0.14714972001373974,0.75,179,0.0,53,0.0,3,1.0,0.8811635676116586,25150,2,0,15,0.0,1.0,0,0.8640128284861845,2,0.6666666666666667,-0.4911735278257753,2,0,3,True,False,True,False,True,False,False,False,False,True,False,False,False,True,False,False,False,False,False,True
0.22734670086570485,0,1329,-0.6407266473844129,0.75,182,1.0,47,0.3333333333333333,2,0.6666666666666667,-0.12768507081840835,14590,4,0,14,0.0,0.6666666666666667,1,0.7354472998016324,1,1.0,1.3049087754177313,11,5,9,False,True,False,True,True,False,False,False,False,False,False,False,False,False,False,False,True,False,True,False
-1.3056792178158831,0,959,2.320734916839626,0.5,183,0.0,41,0.3333333333333333,2,0.6666666666666667,0.45386899897584043,24835,2,0,18,0.0,1.0,0,-0.678773515728442,3,0.6666666666666667,-0.8177339465973219,2,2,2,False,True,False,True,True,False,False,False,False,True,False,False,False,False,False,False,True,False,True,False
-0.7581699611438873,0,1240,-0.02375548817107146,0.5,184,0.6666666666666667,48,0.6666666666666667,2,1.0,-0.03313207079705624,13982,0,1,19,0.0,1.0,0,0.09261965637887129,2,0.0,0.651787937874638,9,4,7,False,True,False,False,False,False,False,False,False,True,True,False,False,False,False,False,False,False,True,False
-0.5391662584750891,1,1033,-0.02375548817107146,0.5,190,0.0,41,0.6666666666666667,1,0.0,-0.48932373606861346,10224,7,0,22,1.0,0.0,0,-0.16451140099023315,2,1.0,-0.32789331844000197,4,0,4,False,True,True,False,False,False,True,False,False,False,False,True,False,False,False,False,False,False,False,True
0.8843578088720997,0,1316,2.4441291486822943,0.5,192,0.6666666666666667,83,0.6666666666666667,1,1.0,-0.6482577675651784,9752,5,0,13,0.0,0.3333333333333333,0,-0.2930769296747854,2,0.3333333333333333,-0.16461310905422863,5,0,3,False,True,True,False,False,False,True,False,False,True,False,False,False,False,False,True,False,False,False,True
0.11784484953130571,0,364,-0.7641208792270812,1.0,193,1.0,32,0.6666666666666667,2,0.6666666666666667,-0.4644637338158085,2302,3,1,20,1.0,0.3333333333333333,0,0.9925783571707368,2,0.6666666666666667,-0.6544537372115486,2,2,2,False,True,True,False,False,False,False,False,True,False,False,False,False,False,False,True,False,False,False,True
-0.7581699611438873,0,438,1.0867925984129432,0.5,194,0.0,75,0.6666666666666667,1,0.6666666666666667,-0.8224902619865463,23910,1,0,14,0.0,0.6666666666666667,0,-0.8073390444129942,4,0.3333333333333333,-0.32789331844000197,4,0,4,False,True,True,False,True,False,False,False,False,False,False,False,False,False,False,True,False,False,False,True
-0.5391662584750891,0,689,-0.02375548817107146,0.25,195,1.0,35,0.0,2,1.0,-0.3898837270573937,22812,0,0,17,0.0,1.0,3,-0.2930769296747854,2,1.0,0.16194730971731802,7,0,7,True,False,False,True,False,False,True,False,False,True,False,False,False,False,False,False,True,False,False,False
-0.7581699611438873,0,201,-0.5173324155417446,0.5,197,1.0,84,0.6666666666666667,1,0.0,-0.7009524731950555,10415,5,0,14,0.0,1.0,1,-0.42164245835933756,3,0.6666666666666667,-0.6544537372115486,2,2,2,False,True,True,False,False,False,False,False,True,False,False,False,False,False,False,True,False,False,False,False
-0.7581699611438873,0,1427,-0.8875151110697495,0.0,198,0.3333333333333333,35,0.3333333333333333,1,1.0,-0.8037921406340092,11162,0,0,13,0.0,1.0,0,-0.678773515728442,3,0.6666666666666667,-0.32789331844000197,3,1,2,False,True,True,False,False,False,True,False,False,True,False,True,False,False,False,False,False,False,False,True
0.4463504035345031,0,857,0.09963874367159682,0.5,199,1.0,91,0.3333333333333333,4,0.0,2.268861642082334,12888,4,0,13,0.0,0.3333333333333333,1,1.2497094145398413,2,0.3333333333333333,-0.0013328996684553085,6,7,7,True,False,True,False,True,False,False,False,False,True,False,False,True,False,False,False,False,False,False,False
0.4463504035345031,0,933,-0.02375548817107146,0.75,200,0.6666666666666667,94,0.6666666666666667,1,0.0,-0.9062068507694963,6961,2,0,21,1.0,1.0,1,-0.5502079870438897,2,0.6666666666666667,-0.32789331844000197,0,1,4,False,True,True,False,True,False,False,False,False,True,False,True,False,False,False,False,False,False,True,False
-1.9626903258222779,0,1181,-0.7641208792270812,0.0,201,0.3333333333333333,79,0.6666666666666667,1,0.3333333333333333,-1.0666282328281946,16102,1,0,14,0.0,1.0,0,-1.3216011591512031,3,0.6666666666666667,-0.9810141559830953,0,0,0,False,True,True,False,False,False,True,False,False,False,False,True,False,False,False,False,False,False,False,True
0.33684855220010396,0,1395,2.0739464531542895,0.5,202,0.3333333333333333,54,0.6666666666666667,2,0.3333333333333333,-0.19079123038322088,8504,1,0,11,0.0,0.0,1,1.121143885855289,2,0.6666666666666667,2.1213098223465976,7,2,13,True,False,True,False,False,False,True,False,False,False,False,False,False,False,False,True,False,False,False,False
-0.2106607044718917,0,662,-1.0109093429124179,1.0,204,0.6666666666666667,94,0.6666666666666667,3,0.3333333333333333,0.16829769104618375,11439,1,0,13,0.0,0.0,2,-0.16451140099023315,3,0.6666666666666667,0.48850772848886465,8,0,6,False,True,False,True,False,True,False,False,False,True,False,False,False,False,False,False,True,False,True,False
1.7603726195472926,0,1436,-0.3939381836990763,0.25,205,0.3333333333333333,34,0.6666666666666667,2,0.6666666666666667,-0.8917583024516267,16047,2,1,20,1.0,1.0,1,0.2211851850634235,3,0.0,-0.0013328996684553085,7,4,5,False,True,False,True,False,True,False,False,False,True,False,False,False,False,False,False,False,True,True,False
0.8843578088720997,0,194,-0.02375548817107146,0.5,206,0.3333333333333333,60,0.6666666666666667,2,0.3333333333333333,-0.8828341990788249,10901,8,0,18,0.0,0.6666666666666667,1,1.121143885855289,2,0.0,1.6314691941892778,9,0,15,False,True,True,False,True,False,False,False,False,True,False,True,False,False,False,False,False,False,False,False
-0.5391662584750891,0,967,-0.14714972001373974,0.5,207,0.3333333333333333,43,0.6666666666666667,3,1.0,0.5301488349481223,15589,1,0,14,0.0,1.0,0,-0.2930769296747854,2,0.6666666666666667,0.32522751910309133,8,3,7,True,False,False,True,False,True,False,False,False,False,False,False,False,False,False,False,True,False,False,True
-0.8676718124782865,0,1496,-1.0109093429124179,0.0,208,1.0,41,0.6666666666666667,2,0.6666666666666667,-0.46403877651234177,26283,1,0,13,0.0,0.0,1,-0.16451140099023315,1,0.6666666666666667,0.48850772848886465,7,0,9,False,False,True,False,False,False,False,False,True,True,False,False,False,True,False,False,False,False,True,False
1.5413689168784945,0,1169,-0.270543951856408,0.75,211,0.3333333333333333,34,0.3333333333333333,2,0.6666666666666667,-0.07881498091973198,13983,2,0,17,0.0,0.6666666666666667,0,-0.16451140099023315,2,0.6666666666666667,-0.9810141559830953,0,0,0,False,True,True,False,False,False,True,False,False,True,False,False,False,True,False,False,False,False,True,False
2.3078818762192883,0,1145,-0.02375548817107146,0.5,214,0.3333333333333333,75,0.3333333333333333,1,0.3333333333333333,-0.6707805046489161,11873,4,1,20,1.0,0.3333333333333333,1,-0.2930769296747854,3,0.3333333333333333,-0.9810141559830953,0,0,0,False,True,True,False,False,False,True,False,False,False,False,False,False,False,False,True,False,False,True,False
0.33684855220010396,0,630,-0.6407266473844129,0.75,215,0.6666666666666667,67,0.3333333333333333,3,1.0,0.9247216912170005,8552,7,0,11,0.0,0.0,1,0.4783162424325279,2,0.3333333333333333,0.8150681472604113,11,2,11,False,True,False,True,False,True,False,False,False,True,False,False,False,False,False,False,True,False,True,False
-0.3201625558062908,0,303,-0.8875151110697495,0.75,216,0.6666666666666667,75,0.6666666666666667,1,0.6666666666666667,-0.9076942013316298,11314,6,0,18,0.0,1.0,1,-0.678773515728442,3,0.6666666666666667,-0.4911735278257753,3,1,2,True,False,False,True,False,True,False,False,False,False,False,False,False,False,False,False,False,True,True,False
-1.6341847718190805,0,1256,1.2101868302556114,0.0,217,0.6666666666666667,80,0.6666666666666667,1,1.0,-0.8881461653721593,11992,1,0,24,1.0,0.0,2,-1.193035630466651,6,0.6666666666666667,-0.8177339465973219,2,2,2,False,True,True,False,False,False,True,False,False,True,False,False,False,False,False,True,False,False,True,False
-1.0866755151470848,0,691,-0.02375548817107146,0.5,218,1.0,57,0.6666666666666667,1,0.3333333333333333,-0.9516772822404386,5970,6,0,18,0.0,1.0,1,-0.678773515728442,1,0.0,-0.8177339465973219,2,2,2,False,False,True,False,False,False,True,False,False,True,False,False,False,False,False,True,False,False,False,False
-0.9771736638126857,0,440,1.456975293940948,0.5,221,0.6666666666666667,42,0.6666666666666667,1,1.0,-0.8052794911961428,6672,1,0,11,0.0,0.6666666666666667,1,-0.8073390444129942,2,0.0,-0.32789331844000197,2,0,2,False,True,True,False,False,False,True,False,False,True,False,False,False,False,False,True,False,False,True,False
2.1983800248848895,0,334,1.827157989468953,0.25,223,0.6666666666666667,83,1.0,3,1.0,0.6238519203625409,23402,3,1,16,0.0,0.3333333333333333,1,0.09261965637887129,2,0.0,-0.32789331844000197,3,1,4,False,True,True,False,True,False,False,False,False,True,False,False,False,False,False,False,False,False,False,False
-1.0866755151470848,0,1450,-0.7641208792270812,0.5,224,0.6666666666666667,79,0.3333333333333333,1,0.6666666666666667,-0.836513853000949,25326,1,1,15,0.0,1.0,1,-1.3216011591512031,2,0.3333333333333333,-0.9810141559830953,1,0,1,False,False,True,False,False,False,True,False,False,True,False,False,False,False,False,True,False,False,False,False
1.4318670655440953,0,1452,0.2230329755142651,0.5,226,0.6666666666666667,53,0.6666666666666667,5,0.3333333333333333,2.8521155410904497,17053,3,0,15,0.0,0.3333333333333333,0,1.2497094145398413,5,0.6666666666666667,-0.32789331844000197,4,4,4,False,True,True,False,True,False,False,False,False,False,False,False,True,False,False,False,False,False,False,True
0.4463504035345031,0,465,0.59321567104227,0.5,227,0.0,56,0.6666666666666667,1,0.6666666666666667,-0.8609488979502873,4609,4,0,12,0.0,0.0,1,0.2211851850634235,2,0.6666666666666667,0.32522751910309133,8,1,8,False,True,True,False,True,False,False,False,False,True,False,False,False,False,False,True,False,False,False,False
-0.7581699611438873,0,1339,-0.5173324155417446,0.5,228,0.3333333333333333,41,0.6666666666666667,3,1.0,0.6196023473278733,8053,2,0,12,0.0,0.6666666666666667,1,0.09261965637887129,2,0.6666666666666667,0.48850772848886465,9,7,4,False,True,False,True,True,False,False,False,False,False,False,False,False,False,False,False,True,False,True,False
0.11784484953130571,0,702,-1.0109093429124179,0.75,230,0.0,59,0.3333333333333333,2,1.0,0.4638554956073091,12930,4,0,22,1.0,0.6666666666666667,0,0.09261965637887129,2,1.0,0.16194730971731802,3,0,7,False,True,False,True,True,False,False,False,False,False,False,False,False,False,False,False,True,False,False,True
-0.5391662584750891,0,120,-0.3939381836990763,1.0,231,0.6666666666666667,43,0.6666666666666667,1,0.6666666666666667,-0.7362239293827958,12430,3,0,20,1.0,0.0,0,-0.42164245835933756,2,0.6666666666666667,-0.32789331844000197,4,1,4,False,True,True,False,True,False,False,False,False,True,False,False,False,False,False,True,False,False,False,True
-1.0866755151470848,0,1157,0.9633983665702748,0.5,233,0.6666666666666667,51,0.6666666666666667,1,0.3333333333333333,-0.7319743563481284,13364,0,1,16,0.0,1.0,1,-0.678773515728442,3,0.3333333333333333,-0.32789331844000197,2,1,1,False,True,True,False,False,False,False,False,True,True,False,False,False,False,False,True,False,False,True,False
-1.9626903258222779,1,602,-1.0109093429124179,0.0,235,0.6666666666666667,100,0.0,1,0.0,-0.8877212080686926,20989,0,0,21,1.0,0.0,0,-1.3216011591512031,5,1.0,-1.1442943653688686,0,0,0,True,False,False,True,False,False,False,False,True,False,False,False,False,False,False,False,False,True,False,True
-0.10115885313749257,0,1480,-0.7641208792270812,0.25,238,1.0,30,0.6666666666666667,1,0.3333333333333333,-0.9380786485295025,15062,4,0,12,0.0,0.6666666666666667,0,0.2211851850634235,3,0.3333333333333333,0.16194730971731802,7,7,2,True,False,True,False,False,False,True,False,False,True,False,True,False,False,False,False,False,False,False,True
-0.7581699611438873,0,111,-0.02375548817107146,0.5,239,0.6666666666666667,66,0.6666666666666667,2,0.0,-0.728999655223861,11012,1,0,11,0.0,0.6666666666666667,2,0.09261965637887129,4,0.6666666666666667,0.8150681472604113,9,6,10,False,False,True,False,False,False,True,False,False,True,False,True,False,False,False,False,False,False,False,False
0.8843578088720997,0,1268,-0.6407266473844129,0.25,240,0.6666666666666667,30,0.6666666666666667,2,0.0,-0.3180659427715128,6319,4,1,11,0.0,0.0,1,-0.2930769296747854,3,1.0,-0.32789331844000197,4,0,3,False,True,False,True,True,False,False,False,False,False,False,False,False,False,False,False,True,False,False,False
2.08887817355049,0,713,-0.14714972001373974,0.5,241,0.6666666666666667,67,0.6666666666666667,1,0.0,-0.47721245291981107,13939,4,1,18,0.0,0.6666666666666667,1,0.9925783571707368,3,0.6666666666666667,-0.8177339465973219,2,2,2,False,True,True,False,True,False,False,False,False,False,False,False,False,False,False,True,False,False,False,False
-0.42966440714069,0,134,-0.8875151110697495,0.5,242,0.6666666666666667,90,0.6666666666666667,1,1.0,-0.8505374440153518,10515,0,0,14,0.0,0.0,0,-0.9359045730975464,2,1.0,-0.6544537372115486,1,0,2,False,True,True,False,True,False,False,False,False,True,False,False,False,False,False,True,False,False,False,True
-1.9626903258222779,1,303,-0.8875151110697495,0.5,243,0.3333333333333333,47,0.3333333333333333,1,1.0,-1.1475825991386108,9241,1,0,22,1.0,0.6666666666666667,0,-1.3216011591512031,3,0.3333333333333333,-0.9810141559830953,0,1,0,False,True,True,False,True,False,False,False,False,True,False,True,False,False,False,False,False,False,False,True
0.9938596602064987,0,526,-1.0109093429124179,0.25,244,0.3333333333333333,92,0.6666666666666667,3,0.0,0.8393052732201837,2137,1,0,25,1.0,0.6666666666666667,3,1.6354060005934978,2,0.6666666666666667,2.774430659889691,13,15,7,False,True,False,True,False,True,False,False,False,False,False,False,False,False,False,False,True,False,False,False
0.11784484953130571,0,1380,-0.02375548817107146,0.25,245,0.6666666666666667,75,0.6666666666666667,1,1.0,-0.8955829181828274,6319,1,0,12,0.0,0.6666666666666667,0,-1.193035630466651,3,0.6666666666666667,-0.8177339465973219,2,2,1,False,True,True,False,True,False,False,False,False,False,False,True,False,False,False,False,False,False,False,True
-0.6486681098094882,0,140,0.3464272073569334,0.0,246,0.6666666666666667,95,0.6666666666666667,1,1.0,-0.5469054506883583,6984,8,1,23,1.0,0.6666666666666667,1,-0.5502079870438897,0,0.6666666666666667,-0.4911735278257753,2,0,2,False,True,True,False,False,False,True,False,False,False,False,False,False,False,False,True,False,False,True,False
-0.3201625558062908,0,629,2.197340684996958,0.25,247,1.0,95,0.6666666666666667,1,0.3333333333333333,-0.8906959091929598,5711,2,0,15,0.0,1.0,0,-0.2930769296747854,3,0.6666666666666667,-0.6544537372115486,2,1,2,False,True,True,False,False,False,True,False,False,False,False,False,False,False,False,True,False,False,False,True
0.4463504035345031,1,1356,1.3335810620982798,0.25,248,0.3333333333333333,70,0.6666666666666667,1,0.3333333333333333,-0.7145511069059916,21728,1,1,22,1.0,1.0,0,-0.9359045730975464,5,0.3333333333333333,-0.4911735278257753,3,0,2,False,True,False,True,False,True,False,False,False,False,False,False,False,False,False,False,False,True,False,True
1.4318670655440953,0,328,-1.0109093429124179,0.5,249,0.6666666666666667,86,0.3333333333333333,1,0.6666666666666667,-0.597687848452635,3425,2,0,15,0.0,1.0,1,-0.8073390444129942,2,0.3333333333333333,-0.6544537372115486,2,0,2,False,True,True,False,False,False,True,False,False,True,False,True,False,False,False,False,False,False,True,False
1.7603726195472926,0,1084,0.4698214391996017,0.25,250,1.0,57,1.0,2,0.0,-0.4362040731352696,26250,1,0,11,0.0,0.6666666666666667,2,-0.8073390444129942,3,0.6666666666666667,-0.4911735278257753,2,1,3,False,True,True,False,False,False,True,False,False,False,False,False,False,True,False,False,False,False,False,False
-0.42966440714069,0,931,0.59321567104227,0.5,252,1.0,72,0.6666666666666667,1,0.3333333333333333,-0.7961429091716077,4673,1,0,13,0.0,1.0,1,-0.42164245835933756,5,0.6666666666666667,0.16194730971731802,7,1,6,False,True,True,False,False,False,True,False,False,False,False,False,False,False,False,True,False,False,True,False
0.33684855220010396,0,989,-0.6407266473844129,0.0,253,1.0,46,0.6666666666666667,5,0.6666666666666667,2.6623721050925453,6499,1,0,14,0.0,0.3333333333333333,1,1.2497094145398413,2,0.6666666666666667,2.1213098223465976,8,9,9,False,True,True,False,False,False,True,False,False,False,False,False,True,False,False,False,False,False,True,False
1.979376322216091,0,692,0.59321567104227,0.75,254,0.6666666666666667,61,1.0,5,0.3333333333333333,2.596291244403466,13339,8,0,11,0.0,1.0,0,3.1781923448081244,3,0.6666666666666667,2.774430659889691,15,2,15,False,True,True,False,False,False,True,False,False,True,False,False,False,False,True,False,False,False,False,True
-0.3201625558062908,0,1069,-0.8875151110697495,0.0,256,1.0,45,0.3333333333333333,2,0.6666666666666667,0.6467996147497455,14074,1,0,17,0.0,0.6666666666666667,0,-0.16451140099023315,2,0.3333333333333333,0.48850772848886465,9,1,9,True,False,True,False,True,False,False,False,False,True,False,False,False,True,False,False,False,False,True,False
1.5413689168784945,0,313,-0.7641208792270812,0.5,258,1.0,98,0.6666666666666667,4,0.3333333333333333,1.5364477295573886,7192,3,0,18,0.0,0.6666666666666667,0,1.2497094145398413,6,0.6666666666666667,-0.0013328996684553085,7,1,0,False,True,True,False,False,False,True,False,False,False,False,False,False,False,False,False,False,False,False,True
1.6508707682128936,0,699,-1.0109093429124179,0.75,259,0.6666666666666667,65,0.3333333333333333,5,0.6666666666666667,2.8676264826669864,5678,0,0,14,0.0,0.0,1,2.9210612874390196,5,0.6666666666666667,4.243952544361651,18,11,9,False,True,True,False,True,False,False,False,False,True,False,False,True,False,False,False,False,False,True,False
-1.0866755151470848,0,894,-0.02375548817107146,0.5,260,1.0,99,0.6666666666666667,1,0.3333333333333333,-0.8974952260484278,11781,1,0,16,0.0,1.0,0,-0.5502079870438897,2,0.3333333333333333,-0.0013328996684553085,7,0,3,False,True,True,False,False,False,True,False,False,False,False,False,False,False,False,True,False,False,False,True
-0.2106607044718917,1,556,1.7037637576262845,0.25,261,0.3333333333333333,50,0.3333333333333333,2,0.6666666666666667,-0.12471036969414108,15497,3,1,13,0.0,0.0,0,-0.42164245835933756,1,0.6666666666666667,-0.9810141559830953,0,0,1,False,True,True,False,True,False,False,False,False,True,False,False,False,True,False,False,False,False,True,False
0.6653541062033014,0,1344,-0.270543951856408,0.5,262,1.0,37,1.0,1,1.0,-0.9378661698777692,5228,4,0,14,0.0,1.0,3,-0.5502079870438897,3,1.0,-0.32789331844000197,4,2,2,False,False,True,False,False,False,True,False,False,True,False,False,False,False,False,True,False,False,False,False
0.8843578088720997,0,1195,-0.8875151110697495,0.25,264,0.0,65,0.3333333333333333,4,1.0,2.186207446558051,20462,9,0,23,1.0,1.0,1,1.3782749432243935,1,0.6666666666666667,2.1213098223465976,8,11,8,False,False,True,False,False,False,True,False,False,True,False,False,True,False,False,False,False,False,True,False
0.008342998196906572,0,290,1.456975293940948,0.5,267,0.3333333333333333,65,1.0,1,0.0,-0.6244601585710403,22977,1,1,12,0.0,0.0,1,-0.42164245835933756,3,0.3333333333333333,0.16194730971731802,7,1,7,False,True,True,False,True,False,False,False,False,True,False,False,False,False,False,True,False,False,True,False
-0.2106607044718917,0,138,-0.8875151110697495,0.5,269,0.3333333333333333,37,0.6666666666666667,2,0.3333333333333333,-0.44151603942860396,15986,5,0,11,0.0,1.0,0,-0.16451140099023315,5,0.6666666666666667,-0.16461310905422863,2,1,2,True,False,True,False,False,False,True,False,False,False,False,True,False,False,False,False,False,False,False,True
0.5558522548689022,0,926,1.456975293940948,0.25,270,0.6666666666666667,36,0.6666666666666667,2,0.6666666666666667,-0.26303397197256856,16439,2,0,16,0.0,0.3333333333333333,1,-0.03594587230568093,5,0.6666666666666667,-0.32789331844000197,3,0,2,False,False,True,False,False,False,True,False,False,False,False,False,False,True,False,False,False,False,False,False
0.11784484953130571,0,1261,-0.8875151110697495,0.75,271,1.0,88,0.6666666666666667,2,0.6666666666666667,0.010638531460019118,7259,9,0,14,0.0,0.3333333333333333,0,0.34975071374797573,3,0.6666666666666667,-0.9810141559830953,0,0,0,False,True,True,False,True,False,False,False,False,True,False,False,False,True,False,False,False,False,True,False
0.11784484953130571,0,1084,2.4441291486822943,0.5,273,1.0,54,0.6666666666666667,2,1.0,-0.05140523484612653,4185,3,0,18,0.0,0.0,1,-0.2930769296747854,3,0.0,-0.0013328996684553085,7,1,7,False,True,True,False,False,False,False,False,True,True,False,False,False,True,False,False,False,False,True,False
-1.0866755151470848,0,472,-1.0109093429124179,0.0,274,0.6666666666666667,60,0.3333333333333333,2,0.0,-0.46850082819874267,9679,5,0,19,0.0,0.6666666666666667,1,-0.678773515728442,1,0.6666666666666667,-0.8177339465973219,2,2,0,True,False,True,False,False,False,False,False,True,True,False,False,False,True,False,False,False,False,True,False
1.3223652142096962,0,1002,1.0867925984129432,0.75,275,1.0,92,0.6666666666666667,2,1.0,0.06397067304509638,23793,1,1,15,0.0,0.0,2,-0.5502079870438897,0,0.6666666666666667,-0.0013328996684553085,7,1,7,False,False,True,False,True,False,False,False,False,True,False,False,False,True,False,False,False,False,False,False
-0.3201625558062908,0,878,0.09963874367159682,0.75,277,1.0,43,0.6666666666666667,1,0.6666666666666667,-0.571128016985963,5972,1,1,17,0.0,1.0,1,-0.8073390444129942,4,1.0,-0.32789331844000197,3,2,0,True,False,True,False,False,False,True,False,False,True,False,False,False,False,False,True,False,False,False,False
0.33684855220010396,0,905,1.2101868302556114,0.25,281,0.6666666666666667,99,0.6666666666666667,2,1.0,-0.7993300889476084,16523,8,1,15,0.0,0.6666666666666667,1,0.4783162424325279,2,1.0,-0.0013328996684553085,2,3,7,False,True,True,False,False,False,True,False,False,True,False,True,False,False,False,False,False,False,True,False
0.11784484953130571,1,1180,2.4441291486822943,0.0,282,0.3333333333333333,70,0.6666666666666667,2,0.0,0.03613596966802418,11354,7,1,19,0.0,0.3333333333333333,0,0.7354472998016324,2,0.6666666666666667,-0.9810141559830953,0,0,0,False,True,True,False,False,False,True,False,False,True,False,False,False,False,False,False,False,False,True,False
-0.8676718124782865,1,121,2.197340684996958,0.5,283,0.3333333333333333,35,0.6666666666666667,3,1.0,0.24139034724246491,24525,1,0,22,1.0,1.0,3,-0.16451140099023315,3,0.3333333333333333,0.48850772848886465,4,1,9,False,True,False,True,False,True,False,False,False,False,False,False,False,False,False,False,True,False,True,False
-1.6341847718190805,0,1136,-0.5173324155417446,0.5,284,1.0,60,1.0,1,0.3333333333333333,-0.8870837721134924,12392,1,1,16,0.0,0.0,1,-0.9359045730975464,2,0.3333333333333333,-0.4911735278257753,2,2,2,False,True,True,False,True,False,False,False,False,True,False,False,False,False,False,True,False,False,False,False
-0.10115885313749257,0,635,1.0867925984129432,0.0,286,0.3333333333333333,73,0.6666666666666667,1,1.0,-0.9242675361668331,7703,1,0,13,0.0,0.0,0,-0.42164245835933756,2,0.6666666666666667,0.16194730971731802,1,1,7,True,False,True,False,False,False,True,False,False,False,False,True,False,False,False,False,False,False,False,True
0.33684855220010396,0,1151,-0.02375548817107146,1.0,287,1.0,63,0.3333333333333333,2,1.0,-0.3456881674968516,14242,9,0,14,0.0,1.0,1,-0.8073390444129942,5,0.0,-0.6544537372115486,2,0,2,False,False,True,False,True,False,False,False,False,True,False,False,False,False,False,False,False,False,True,False
0.9938596602064987,0,644,-1.0109093429124179,0.75,288,1.0,97,0.6666666666666667,3,0.0,0.6147153383380057,12368,7,0,16,0.0,0.6666666666666667,1,0.7354472998016324,3,0.6666666666666667,-0.4911735278257753,2,0,3,False,True,True,False,False,False,True,False,False,True,False,False,False,False,False,False,False,False,False,False
-0.5391662584750891,1,1045,-0.6407266473844129,0.75,291,1.0,32,0.0,3,1.0,0.8280439046783147,25812,1,0,11,0.0,0.6666666666666667,0,0.34975071374797573,2,0.3333333333333333,1.141628566031958,8,9,8,False,True,False,True,False,False,True,False,False,True,False,False,False,False,False,False,True,False,True,False
-0.7581699611438873,0,829,-1.0109093429124179,0.0,292,0.6666666666666667,88,0.3333333333333333,3,0.6666666666666667,0.4188100214398335,20925,1,0,22,1.0,0.6666666666666667,0,0.09261965637887129,2,0.6666666666666667,0.651787937874638,8,5,8,False,False,True,False,True,False,False,False,False,True,False,False,False,True,False,False,False,False,False,True
-1.0866755151470848,0,1242,1.3335810620982798,0.5,293,1.0,90,0.6666666666666667,2,0.6666666666666667,0.7390153496020304,12916,1,0,14,0.0,1.0,0,-0.5502079870438897,2,0.6666666666666667,-0.0013328996684553085,7,0,7,True,False,False,True,True,False,False,False,False,False,False,False,False,False,False,False,True,False,False,True
1.5413689168784945,0,1469,-0.14714972001373974,0.75,296,0.3333333333333333,81,0.3333333333333333,3,0.3333333333333333,1.2721242868010696,15736,5,0,16,0.0,1.0,2,0.6068817711170802,5,0.0,0.48850772848886465,9,4,7,False,True,True,False,True,False,False,False,False,True,False,False,False,False,True,False,False,False,True,False
-0.7581699611438873,1,1005,-0.7641208792270812,0.5,297,1.0,88,0.6666666666666667,1,0.0,-0.8171782956932119,8556,5,1,11,0.0,0.6666666666666667,0,-0.42164245835933756,5,0.6666666666666667,-0.32789331844000197,2,0,4,False,True,True,False,False,False,False,False,True,False,False,False,False,False,False,True,False,False,False,True
0.4463504035345031,0,896,-0.3939381836990763,0.5,298,1.0,75,0.6666666666666667,3,1.0,1.506063282359516,14674,3,1,18,0.0,0.6666666666666667,0,0.6068817711170802,3,0.6666666666666667,-0.9810141559830953,0,0,0,False,True,False,True,True,False,False,False,False,False,False,False,True,False,False,False,False,False,False,True
-0.7581699611438873,1,334,2.0739464531542895,0.75,299,0.6666666666666667,52,0.3333333333333333,2,0.0,0.04102297865789181,22967,5,0,15,0.0,0.6666666666666667,0,-0.2930769296747854,5,0.3333333333333333,-0.16461310905422863,3,0,1,True,False,False,True,False,True,False,False,False,False,False,False,False,False,False,False,True,False,False,True
-0.8676718124782865,1,992,-1.0109093429124179,0.5,300,0.6666666666666667,85,0.6666666666666667,1,0.6666666666666667,-0.9444530080815038,19757,0,0,14,0.0,1.0,0,-0.5502079870438897,1,0.3333333333333333,-0.16461310905422863,2,1,5,False,True,True,False,False,False,False,False,True,True,False,False,False,False,False,True,False,False,False,True
0.8843578088720997,0,1052,-0.3939381836990763,0.5,302,1.0,57,0.3333333333333333,3,1.0,0.5018891742675833,16840,6,0,12,0.0,1.0,0,1.5068404719089457,2,0.6666666666666667,1.9580296129608246,7,12,8,False,False,False,True,False,False,True,False,False,False,False,False,False,False,False,False,True,False,False,True
1.869874470881692,0,1147,-0.7641208792270812,0.5,303,1.0,52,0.6666666666666667,2,0.0,-0.11961088205254007,17011,2,0,14,0.0,1.0,1,0.6068817711170802,4,0.6666666666666667,-0.16461310905422863,2,0,5,False,True,False,True,False,True,False,False,False,False,False,False,False,False,False,False,True,False,True,False
-0.10115885313749257,0,1396,-0.5173324155417446,0.25,304,1.0,62,0.6666666666666667,2,0.3333333333333333,-0.12513532699760785,9945,8,0,16,0.0,1.0,0,0.6068817711170802,3,1.0,0.9783483566461847,11,3,7,False,True,True,False,True,False,False,False,False,True,False,True,False,False,False,False,False,False,False,True
-0.42966440714069,0,147,-0.6407266473844129,0.75,305,0.6666666666666667,47,0.3333333333333333,1,0.3333333333333333,-0.82461504850388,13248,6,0,21,1.0,1.0,0,-0.5502079870438897,3,0.6666666666666667,-0.6544537372115486,2,1,1,False,True,True,False,False,False,True,False,False,False,False,False,False,False,False,True,False,False,True,False
0.008342998196906572,0,663,0.2230329755142651,0.5,306,0.3333333333333333,47,0.6666666666666667,3,1.0,1.20731829802239,10056,1,1,14,0.0,0.6666666666666667,3,-0.16451140099023315,1,0.6666666666666667,0.48850772848886465,8,0,7,True,False,True,False,False,False,False,True,False,True,False,False,False,False,True,False,False,False,False,False
0.11784484953130571,0,119,-0.7641208792270812,0.5,307,0.0,76,0.6666666666666667,3,0.6666666666666667,0.8724519428905902,9647,0,0,12,0.0,0.6666666666666667,2,0.7354472998016324,6,0.3333333333333333,1.4681889848035046,10,5,13,False,True,False,True,True,False,False,False,False,True,False,False,False,False,False,False,True,False,False,False
-0.6486681098094882,0,979,-1.0109093429124179,0.75,308,0.6666666666666667,90,0.0,2,0.6666666666666667,-0.458514331567274,4381,0,0,12,0.0,1.0,1,-0.678773515728442,2,0.6666666666666667,-0.32789331844000197,4,1,4,False,False,True,False,False,False,True,False,False,True,False,False,False,True,False,False,False,False,True,False
2.4173837275536876,0,142,-0.7641208792270812,0.5,309,0.6666666666666667,70,0.3333333333333333,1,1.0,-0.9191680485252322,8456,3,0,17,0.0,0.0,1,-0.5502079870438897,6,0.6666666666666667,-0.9810141559830953,0,0,0,False,True,True,False,True,False,False,False,False,True,False,False,False,False,False,True,False,False,True,False
0.008342998196906572,0,319,-0.6407266473844129,0.75,311,0.0,41,0.6666666666666667,1,1.0,-0.7882811990574728,2539,4,0,17,0.0,0.6666666666666667,1,0.2211851850634235,2,0.6666666666666667,0.32522751910309133,8,5,8,True,False,False,True,False,True,False,False,False,True,False,False,False,False,False,False,False,True,False,False
-0.8676718124782865,0,1413,-1.0109093429124179,0.0,312,0.3333333333333333,42,0.6666666666666667,3,1.0,0.30067189107607667,6599,1,0,14,0.0,1.0,1,-0.03594587230568093,5,0.6666666666666667,0.651787937874638,10,4,1,True,False,False,True,False,False,True,False,False,False,False,False,False,False,False,False,True,False,True,False
-0.2106607044718917,0,944,-1.0109093429124179,0.5,314,0.6666666666666667,92,0.6666666666666667,3,0.6666666666666667,0.48574079673584675,9096,1,0,14,0.0,0.0,0,-0.16451140099023315,3,1.0,0.48850772848886465,7,0,8,True,False,False,True,False,True,False,False,False,False,False,False,False,False,False,False,True,False,False,True
-0.8676718124782865,1,896,1.0867925984129432,0.0,315,0.6666666666666667,86,0.3333333333333333,1,1.0,-0.8741225743577565,14961,1,1,13,0.0,0.6666666666666667,0,-0.9359045730975464,3,0.3333333333333333,-0.4911735278257753,3,0,1,False,True,True,False,False,False,True,False,False,True,False,False,False,False,False,True,False,False,False,True
1.6508707682128936,0,1323,-0.8875151110697495,0.5,316,0.6666666666666667,89,0.3333333333333333,1,1.0,-0.6992526439811885,3300,7,0,15,0.0,0.3333333333333333,0,-0.678773515728442,3,0.3333333333333333,-0.8177339465973219,2,2,2,False,True,True,False,True,False,False,False,False,False,False,True,False,False,False,False,False,False,False,True
0.5558522548689022,0,532,-0.6407266473844129,0.25,319,0.6666666666666667,58,0.6666666666666667,5,1.0,2.7046553567874874,4933,1,0,11,0.0,1.0,0,1.3782749432243935,3,0.6666666666666667,2.4478702411181446,17,11,15,False,True,True,False,False,False,False,False,True,True,False,False,True,False,False,False,False,False,True,False
2.4173837275536876,0,818,-0.3939381836990763,0.25,321,0.3333333333333333,52,0.6666666666666667,1,0.6666666666666667,-0.9000449698692283,25657,8,0,17,0.0,1.0,0,-0.5502079870438897,2,0.3333333333333333,-0.8177339465973219,2,2,2,False,True,False,False,False,False,True,False,False,True,True,False,False,False,False,False,False,False,True,False
1.4318670655440953,0,854,-1.0109093429124179,0.75,323,1.0,68,0.6666666666666667,5,1.0,2.765211772531499,24118,3,0,11,0.0,0.6666666666666667,1,2.6639302300699153,3,0.3333333333333333,-0.0013328996684553085,0,0,6,False,True,False,True,False,False,True,False,False,False,False,False,True,False,False,False,False,False,False,False
-0.42966440714069,1,813,0.59321567104227,0.5,325,0.6666666666666667,58,0.6666666666666667,1,1.0,-0.8641360777262879,22149,5,1,13,0.0,0.6666666666666667,1,-0.42164245835933756,2,0.0,-0.32789331844000197,4,0,4,False,True,True,False,False,False,True,False,False,True,False,True,False,False,False,False,False,False,True,False
0.6653541062033014,0,1034,0.8400041347276065,0.5,327,1.0,80,0.6666666666666667,4,1.0,2.0315229880961536,7744,5,1,22,1.0,0.6666666666666667,1,1.3782749432243935,3,0.6666666666666667,1.6314691941892778,13,1,9,False,True,False,True,False,True,False,False,False,False,False,False,True,False,False,False,False,False,True,False
-0.42966440714069,1,465,-0.8875151110697495,0.25,328,0.0,39,0.6666666666666667,1,0.0,-0.806554363106543,21509,7,0,20,1.0,0.0,0,0.2211851850634235,3,1.0,0.32522751910309133,7,1,7,False,True,True,False,True,False,False,False,False,False,False,True,False,False,False,False,False,False,True,False
1.6508707682128936,0,771,-0.8875151110697495,0.75,329,0.0,79,0.3333333333333333,5,0.6666666666666667,2.6698088579032135,21030,1,1,18,0.0,1.0,0,2.7924957587544674,2,1.0,4.243952544361651,7,15,12,False,False,False,True,True,False,False,False,False,True,False,False,True,False,False,False,False,False,False,True
-0.5391662584750891,0,1401,-0.6407266473844129,0.25,330,0.6666666666666667,56,0.6666666666666667,1,0.3333333333333333,-0.5464804933848915,20990,2,0,11,0.0,0.0,1,-0.678773515728442,5,0.6666666666666667,-0.4911735278257753,3,1,2,False,True,False,True,True,False,False,False,False,False,False,False,False,False,False,False,False,True,True,False
-0.5391662584750891,1,515,-1.0109093429124179,0.5,331,1.0,62,0.3333333333333333,1,0.6666666666666667,-0.5891887023832999,9571,0,1,14,0.0,1.0,0,-0.9359045730975464,2,0.0,-0.6544537372115486,2,1,2,False,True,True,False,True,False,False,False,False,True,False,True,False,False,False,False,False,False,False,True
0.22734670086570485,0,1431,-1.0109093429124179,0.75,332,0.6666666666666667,96,0.6666666666666667,1,0.6666666666666667,-0.9074817226798965,15417,7,0,14,0.0,0.6666666666666667,3,-0.5502079870438897,1,0.6666666666666667,-0.6544537372115486,2,1,2,False,True,True,False,False,False,True,False,False,False,False,True,False,False,False,False,False,False,False,False
-0.5391662584750891,0,976,2.0739464531542895,0.75,333,0.6666666666666667,100,0.6666666666666667,2,1.0,-0.43301689335926896,12069,0,0,18,0.0,0.0,0,-0.9359045730975464,2,0.6666666666666667,-0.6544537372115486,2,2,2,False,False,False,True,False,True,False,False,False,True,False,False,False,False,False,False,True,False,True,False
0.4463504035345031,0,1411,1.2101868302556114,0.25,334,0.6666666666666667,36,0.6666666666666667,2,0.0,-0.728999655223861,19877,2,0,16,0.0,0.0,2,0.7354472998016324,2,0.3333333333333333,-0.9810141559830953,0,0,0,False,True,True,False,True,False,False,False,False,True,False,False,False,False,False,True,False,False,False,False
0.33684855220010396,0,1300,1.827157989468953,0.25,335,0.0,62,0.6666666666666667,2,1.0,-0.6765174282457173,24447,1,0,17,0.0,0.0,2,-0.2930769296747854,3,0.6666666666666667,0.32522751910309133,8,4,7,False,True,True,False,False,False,False,False,True,True,False,False,False,False,False,True,False,False,False,False
0.8843578088720997,0,252,-1.0109093429124179,0.5,336,0.6666666666666667,70,1.0,5,1.0,2.6982809972354858,15970,0,0,11,0.0,0.6666666666666667,1,1.76397152927805,2,0.6666666666666667,2.774430659889691,0,1,7,False,True,True,False,False,False,False,True,False,True,False,False,True,False,False,False,False,False,True,False
-0.6486681098094882,0,1327,-0.7641208792270812,0.75,337,0.3333333333333333,73,0.6666666666666667,3,0.6666666666666667,1.5239114891051195,13523,9,0,12,0.0,0.0,1,-0.2930769296747854,3,0.6666666666666667,-0.8177339465973219,2,2,2,True,False,True,False,False,False,True,False,False,True,False,False,False,False,True,False,False,False,False,False
-0.42966440714069,0,832,-0.5173324155417446,0.75,338,0.6666666666666667,63,0.3333333333333333,1,1.0,-0.7632087181529345,14776,1,0,13,0.0,0.6666666666666667,1,-1.193035630466651,2,0.3333333333333333,-0.8177339465973219,2,0,2,False,True,True,False,True,False,False,False,False,False,False,False,False,False,False,True,False,False,True,False
-0.3201625558062908,0,470,-0.8875151110697495,0.75,339,1.0,84,0.3333333333333333,2,0.0,-0.11599874497307269,23687,6,0,13,0.0,0.3333333333333333,1,0.2211851850634235,3,0.6666666666666667,0.651787937874638,9,5,9,False,True,True,False,True,False,False,False,False,True,False,False,False,True,False,False,False,False,True,False
0.008342998196906572,0,1017,-1.0109093429124179,0.25,340,0.6666666666666667,83,0.3333333333333333,1,0.0,-0.5488177585539586,18697,2,0,14,0.0,0.0,1,0.7354472998016324,2,0.3333333333333333,-0.6544537372115486,1,0,2,False,True,True,False,False,False,True,False,False,False,False,False,False,False,False,True,False,False,True,False
0.8843578088720997,0,1199,-0.270543951856408,0.75,341,0.0,77,1.0,2,0.6666666666666667,-0.014646428096252568,5118,4,0,17,0.0,1.0,1,-0.2930769296747854,1,0.6666666666666667,-0.6544537372115486,2,0,2,True,False,True,False,True,False,False,False,False,True,False,False,False,True,False,False,False,False,True,False
0.008342998196906572,1,504,0.09963874367159682,0.5,342,0.0,61,0.6666666666666667,3,0.6666666666666667,0.7532514192681665,22573,6,0,11,0.0,0.3333333333333333,2,0.7354472998016324,5,0.6666666666666667,-0.9810141559830953,0,0,0,True,False,True,False,False,False,True,False,False,True,False,False,False,True,False,False,False,False,False,False
0.22734670086570485,0,505,-0.8875151110697495,0.75,343,0.6666666666666667,64,0.6666666666666667,3,0.6666666666666667,0.9423574193108707,6420,0,0,25,1.0,1.0,0,1.121143885855289,1,0.6666666666666667,1.9580296129608246,6,11,8,True,False,True,False,False,False,False,False,True,False,False,False,False,False,False,False,False,False,False,True
-0.8676718124782865,0,665,0.7166099028849382,0.5,346,0.6666666666666667,60,0.6666666666666667,1,1.0,-0.8845340282926919,22673,1,0,19,0.0,0.0,0,-0.678773515728442,1,0.6666666666666667,-0.16461310905422863,5,1,5,False,True,True,False,True,False,False,False,False,True,False,False,False,False,False,True,False,False,False,True
0.5558522548689022,0,916,0.9633983665702748,0.25,347,1.0,82,1.0,2,0.0,0.008938702246152112,23016,3,1,13,0.0,0.6666666666666667,0,-0.16451140099023315,1,0.6666666666666667,-0.6544537372115486,2,0,2,False,True,True,False,True,False,False,False,False,False,False,False,False,False,False,True,False,False,False,True
-0.8676718124782865,0,1247,1.3335810620982798,0.25,349,1.0,45,0.6666666666666667,2,1.0,0.09095546181523506,10732,2,0,14,0.0,1.0,1,-0.16451140099023315,2,0.6666666666666667,-0.6544537372115486,2,0,2,False,True,False,True,False,True,False,False,False,True,False,False,False,False,False,False,True,False,False,False
-1.3056792178158831,0,685,-1.0109093429124179,0.5,350,0.0,62,0.6666666666666667,2,0.6666666666666667,-0.34101363715871735,7505,0,0,12,0.0,1.0,2,-0.8073390444129942,3,0.6666666666666667,-0.4911735278257753,2,1,2,False,True,True,False,True,False,False,False,False,False,False,False,False,True,False,False,False,False,True,False
0.5558522548689022,0,269,-0.8875151110697495,0.5,351,1.0,56,0.3333333333333333,1,0.0,-0.8307769294041479,8007,0,1,11,0.0,0.6666666666666667,1,-0.16451140099023315,4,0.6666666666666667,0.32522751910309133,6,7,8,False,True,True,False,False,False,True,False,False,False,False,True,False,False,False,False,False,False,False,False
0.33684855220010396,0,1416,-0.8875151110697495,0.25,352,0.0,49,0.6666666666666667,5,0.6666666666666667,2.7480010017410956,5949,0,0,19,0.0,1.0,1,1.3782749432243935,5,0.6666666666666667,2.284590031732371,7,3,9,False,True,True,False,False,False,True,False,False,True,False,False,False,False,True,False,False,False,False,False
1.5413689168784945,0,833,-1.0109093429124179,0.5,353,0.6666666666666667,96,0.6666666666666667,1,1.0,-0.8031547046788091,23231,1,0,11,0.0,0.3333333333333333,0,-1.3216011591512031,0,0.3333333333333333,-0.9810141559830953,0,0,0,False,True,True,False,True,False,False,False,False,True,False,False,False,False,False,True,False,False,True,False
-0.6486681098094882,1,307,2.4441291486822943,0.25,355,0.6666666666666667,71,0.3333333333333333,1,0.3333333333333333,-0.6425208439683772,11652,0,0,11,0.0,0.3333333333333333,0,-0.678773515728442,2,1.0,-0.32789331844000197,4,1,4,True,False,True,False,False,False,True,False,False,True,False,True,False,False,False,False,False,False,False,True
-0.5391662584750891,0,1311,-0.270543951856408,0.5,359,0.3333333333333333,100,1.0,1,0.3333333333333333,-0.7880687204057394,26062,1,0,20,1.0,0.6666666666666667,0,-0.8073390444129942,3,0.0,-0.32789331844000197,1,0,3,True,False,True,False,True,False,False,False,False,True,False,True,False,False,False,False,False,False,True,False
0.11784484953130571,0,1327,-0.8875151110697495,0.25,361,1.0,39,0.3333333333333333,2,1.0,-0.26643363040030255,19682,3,0,18,0.0,1.0,1,0.2211851850634235,0,0.6666666666666667,0.16194730971731802,7,7,5,False,False,False,True,True,False,False,False,False,True,False,False,False,False,False,False,True,False,True,False
-0.5391662584750891,0,128,-0.8875151110697495,0.0,362,1.0,84,0.3333333333333333,2,0.0,-0.9193805271769655,19737,4,0,13,0.0,1.0,0,-0.2930769296747854,5,0.6666666666666667,-0.16461310905422863,2,0,4,False,True,True,False,False,False,False,False,True,True,False,True,False,False,False,False,False,False,False,True
0.9938596602064987,0,488,-0.8875151110697495,0.5,363,0.6666666666666667,75,0.0,4,0.3333333333333333,2.203205738696721,14977,3,1,12,0.0,0.3333333333333333,1,2.1496681153317065,2,0.3333333333333333,-0.0013328996684553085,7,7,7,False,True,False,True,False,False,False,False,True,False,False,False,True,False,False,False,False,False,True,False
-0.9771736638126857,1,529,-0.8875151110697495,0.75,364,0.0,79,0.6666666666666667,1,0.6666666666666667,-0.641245972057977,14935,2,0,11,0.0,0.6666666666666667,0,-0.8073390444129942,5,0.0,-1.1442943653688686,0,0,0,False,True,True,False,True,False,False,False,False,True,False,True,False,False,False,False,False,False,False,True
-0.8676718124782865,0,1210,-0.8875151110697495,0.5,366,0.0,78,0.3333333333333333,2,0.3333333333333333,0.02997408876775629,3687,2,0,19,0.0,0.3333333333333333,2,-0.16451140099023315,2,0.6666666666666667,-1.1442943653688686,0,0,0,False,True,False,True,False,False,True,False,False,True,False,False,False,False,False,False,True,False,True,False
-0.6486681098094882,0,1463,1.7037637576262845,0.5,367,0.3333333333333333,64,0.3333333333333333,2,1.0,-0.1956782393730885,14408,0,0,21,1.0,0.3333333333333333,1,-0.16451140099023315,2,0.6666666666666667,0.32522751910309133,0,7,8,False,True,True,False,False,False,True,False,False,True,False,False,False,False,False,False,False,False,True,False
-1.3056792178158831,0,675,-0.5173324155417446,0.25,369,0.3333333333333333,85,1.0,2,0.0,-0.5318194664152885,18384,1,0,12,0.0,1.0,2,-0.678773515728442,2,0.6666666666666667,-0.16461310905422863,3,1,5,False,False,True,False,True,False,False,False,False,True,False,False,False,False,False,False,False,False,False,False
0.8843578088720997,0,1385,1.3335810620982798,0.25,372,0.6666666666666667,79,0.6666666666666667,4,1.0,1.4858778104448453,7501,0,1,14,0.0,0.3333333333333333,0,1.2497094145398413,2,0.6666666666666667,2.1213098223465976,7,4,10,False,True,True,False,False,False,True,False,False,True,False,False,False,False,False,False,False,False,True,False
-0.10115885313749257,0,1403,-0.3939381836990763,0.5,373,1.0,47,0.6666666666666667,1,1.0,-0.6996776012846552,20251,0,0,11,0.0,0.6666666666666667,1,0.6068817711170802,4,0.6666666666666667,1.3049087754177313,13,10,11,False,True,True,False,True,False,False,False,False,True,False,True,False,False,False,False,False,False,True,False
1.979376322216091,0,452,-1.0109093429124179,0.5,374,1.0,81,0.6666666666666667,5,0.0,2.664921848913346,18938,0,1,14,0.0,0.6666666666666667,0,3.3067578734926766,2,0.6666666666666667,4.733793172518971,10,4,13,False,True,True,False,False,False,True,False,False,True,False,False,True,False,False,False,False,False,False,True
1.103361511540898,1,666,2.4441291486822943,0.75,376,0.0,88,0.6666666666666667,3,0.3333333333333333,1.1359254710399758,10268,1,1,12,0.0,1.0,1,-0.16451140099023315,2,0.3333333333333333,0.48850772848886465,7,9,9,False,False,True,False,True,False,False,False,False,True,False,False,True,False,False,False,False,False,True,False
-0.9771736638126857,0,1158,-0.02375548817107146,0.5,377,1.0,94,0.6666666666666667,1,1.0,-0.9419032642607033,2613,1,0,23,1.0,1.0,1,-0.8073390444129942,3,0.3333333333333333,-0.32789331844000197,2,0,4,False,True,True,False,False,False,True,False,False,True,False,False,False,False,False,True,False,False,True,False
0.008342998196906572,0,228,-0.3939381836990763,0.75,378,0.6666666666666667,98,0.6666666666666667,2,1.0,-0.00019787977838303393,22825,4,0,14,0.0,0.3333333333333333,1,-0.5502079870438897,5,1.0,-0.32789331844000197,4,0,1,False,True,False,True,False,False,True,False,False,True,False,False,False,False,False,False,True,False,True,False
-1.7436866231534796,0,996,-0.7641208792270812,0.25,379,1.0,100,0.3333333333333333,1,0.6666666666666667,-0.6954280282499877,10531,1,0,17,0.0,0.0,0,-1.0644701017820986,4,1.0,-0.6544537372115486,2,1,0,False,True,True,False,False,False,True,False,False,True,False,False,False,False,False,True,False,False,False,True
0.008342998196906572,0,728,-1.0109093429124179,0.75,380,0.0,80,0.6666666666666667,3,1.0,1.5086130261803166,11677,2,1,18,0.0,0.0,2,0.4783162424325279,2,0.6666666666666667,-0.32789331844000197,2,0,2,False,False,True,False,False,False,True,False,False,False,False,False,False,False,True,False,False,False,False,False
-0.2106607044718917,0,1315,1.5803695257836163,0.5,381,0.3333333333333333,71,1.0,3,0.3333333333333333,1.167159832844782,19100,7,0,18,0.0,0.3333333333333333,1,-0.16451140099023315,6,0.3333333333333333,-0.0013328996684553085,7,6,2,False,True,True,False,True,False,False,False,False,False,False,False,True,False,False,False,False,False,False,False
0.11784484953130571,0,322,-0.270543951856408,0.25,382,0.0,44,1.0,2,0.0,-0.19079123038322088,19191,1,1,24,1.0,0.6666666666666667,1,-0.42164245835933756,3,0.6666666666666667,0.16194730971731802,0,7,7,False,True,False,True,False,False,True,False,False,False,False,False,False,False,False,False,True,False,False,False
-1.1961773664814839,0,1479,-1.0109093429124179,0.5,384,0.6666666666666667,84,0.6666666666666667,2,0.3333333333333333,-0.02250813821038746,26767,1,0,20,1.0,0.0,1,-0.678773515728442,6,0.0,-0.16461310905422863,5,1,4,True,False,True,False,True,False,False,False,False,False,False,False,False,True,False,False,False,False,False,False
1.4318670655440953,0,797,-0.6407266473844129,0.0,385,0.0,96,0.6666666666666667,5,0.3333333333333333,2.6859572354349504,15815,3,0,14,0.0,0.0,2,2.1496681153317065,4,0.3333333333333333,0.48850772848886465,4,1,6,False,True,True,False,True,False,False,False,False,True,False,False,False,False,True,False,False,False,False,False
1.7603726195472926,0,1070,-0.7641208792270812,0.75,386,0.6666666666666667,45,0.6666666666666667,4,0.6666666666666667,2.3544905387308845,21016,3,1,16,0.0,1.0,3,1.2497094145398413,5,0.3333333333333333,-0.32789331844000197,3,1,3,False,True,True,False,False,False,True,False,False,True,False,False,False,False,True,False,False,False,True,False
0.5558522548689022,0,635,-1.0109093429124179,0.0,387,0.3333333333333333,99,0.6666666666666667,2,0.6666666666666667,-0.339101329293117,24532,1,0,25,1.0,0.6666666666666667,0,1.121143885855289,3,0.6666666666666667,2.1213098223465976,16,11,6,False,True,False,True,True,False,False,False,False,True,False,False,False,False,False,False,True,False,True,False
-0.8676718124782865,0,442,-0.8875151110697495,0.25,388,0.3333333333333333,44,0.6666666666666667,2,1.0,-0.41410629335499854,20260,1,0,18,0.0,0.0,0,-0.16451140099023315,3,0.3333333333333333,0.48850772848886465,7,0,9,True,False,False,True,True,False,False,False,False,True,False,False,False,False,False,False,True,False,False,True
1.979376322216091,0,147,1.3335810620982798,0.25,389,0.3333333333333333,37,0.6666666666666667,2,1.0,-0.23116217421256222,15972,3,1,19,0.0,1.0,1,0.09261965637887129,4,0.6666666666666667,0.48850772848886465,7,0,8,False,True,True,False,False,False,False,False,True,True,False,True,False,False,False,False,False,False,True,False
-1.1961773664814839,0,496,0.2230329755142651,0.25,390,0.0,60,0.6666666666666667,2,0.0,-0.3743727854808573,22722,1,1,13,0.0,0.6666666666666667,1,-0.8073390444129942,3,0.6666666666666667,-0.32789331844000197,3,3,3,True,False,True,False,False,False,True,False,False,True,False,False,False,False,False,False,False,False,True,False
0.008342998196906572,0,1372,-1.0109093429124179,0.5,391,1.0,42,0.6666666666666667,1,1.0,-0.9323417249327014,15881,1,0,12,0.0,0.3333333333333333,0,0.7354472998016324,3,0.6666666666666667,1.6314691941892778,12,5,7,False,True,True,False,True,False,False,False,False,False,False,False,False,False,False,True,False,False,False,True
0.7748559575377005,1,920,1.827157989468953,0.5,392,1.0,43,0.6666666666666667,1,0.6666666666666667,-0.7100890552195906,19920,3,1,22,1.0,1.0,1,0.9925783571707368,0,0.0,-0.9810141559830953,0,0,0,True,False,True,False,True,False,False,False,False,True,False,True,False,False,False,False,False,False,False,False
0.11784484953130571,0,688,1.7037637576262845,0.75,393,1.0,82,0.6666666666666667,2,1.0,-0.16104421914054828,18899,9,0,14,0.0,0.3333333333333333,1,-0.16451140099023315,2,0.6666666666666667,-0.8177339465973219,2,1,2,False,True,True,False,True,False,False,False,False,True,False,False,False,False,False,False,False,False,False,False
-1.1961773664814839,1,1449,0.8400041347276065,0.75,394,0.0,45,0.6666666666666667,1,0.3333333333333333,-0.8775222327854906,14180,2,1,13,0.0,1.0,1,-0.8073390444129942,2,0.6666666666666667,-0.6544537372115486,2,0,2,False,True,True,False,False,False,True,False,False,True,False,True,False,False,False,False,False,False,False,False
-0.9771736638126857,0,1117,-0.14714972001373974,0.25,395,1.0,66,0.6666666666666667,1,1.0,-0.6784297361113176,4488,1,0,21,1.0,1.0,0,-0.8073390444129942,3,0.6666666666666667,-0.32789331844000197,3,0,2,False,True,True,False,True,False,False,False,False,False,False,False,False,False,False,True,False,False,False,True
1.3223652142096962,0,636,0.09963874367159682,0.75,396,0.6666666666666667,35,0.6666666666666667,5,0.0,2.584179961254663,25594,9,1,11,0.0,1.0,0,1.3782749432243935,4,0.6666666666666667,-0.6544537372115486,2,1,2,True,False,True,False,True,False,False,False,False,False,False,False,False,False,True,False,False,False,False,True
-0.10115885313749257,0,506,-0.7641208792270812,0.5,397,0.6666666666666667,30,0.6666666666666667,2,0.3333333333333333,-0.42876732032460146,26285,4,0,12,0.0,1.0,0,-0.16451140099023315,2,0.6666666666666667,0.16194730971731802,0,7,7,False,True,True,False,False,False,False,False,True,True,False,False,False,False,False,True,False,False,False,True
-0.6486681098094882,0,444,-0.5173324155417446,0.5,399,1.0,84,0.6666666666666667,1,0.3333333333333333,-0.7891311136644064,3909,1,0,11,0.0,0.6666666666666667,1,-1.193035630466651,5,0.3333333333333333,-0.8177339465973219,2,2,2,True,False,False,True,False,True,False,False,False,False,False,False,False,False,False,False,False,True,False,False
-1.1961773664814839,1,950,-0.6407266473844129,0.75,401,1.0,48,0.3333333333333333,2,1.0,-0.14340849104667813,8450,1,1,12,0.0,0.3333333333333333,0,-0.42164245835933756,0,0.6666666666666667,0.16194730971731802,7,7,4,False,True,False,True,False,True,False,False,False,True,False,False,False,False,False,False,True,False,False,True
0.008342998196906572,0,889,-0.02375548817107146,0.5,403,0.3333333333333333,53,0.6666666666666667,1,1.0,-0.8875087294169591,11411,1,1,12,0.0,0.6666666666666667,3,-0.9359045730975464,3,0.3333333333333333,-0.4911735278257753,2,1,2,True,False,True,False,False,False,True,False,False,True,False,False,False,False,False,True,False,False,True,False
0.5558522548689022,0,555,2.0739464531542895,0.5,404,0.6666666666666667,77,0.6666666666666667,4,0.3333333333333333,1.4920396913451133,14864,5,0,14,0.0,1.0,1,1.5068404719089457,2,1.0,2.1213098223465976,4,4,8,True,False,False,True,False,True,False,False,False,False,False,False,False,False,False,False,True,False,True,False
-2.072192177156677,1,230,-0.7641208792270812,0.5,405,0.6666666666666667,54,0.6666666666666667,1,0.6666666666666667,-1.0800143878873973,25233,1,0,13,0.0,0.6666666666666667,0,-1.4501666878357553,2,0.6666666666666667,-1.1442943653688686,0,0,0,False,True,True,False,True,False,False,False,False,True,False,True,False,False,False,False,False,False,False,True
-0.2106607044718917,0,1232,0.8400041347276065,0.5,406,0.6666666666666667,96,0.6666666666666667,3,0.3333333333333333,0.32234471355288097,5100,0,0,15,0.0,0.6666666666666667,2,0.09261965637887129,3,0.3333333333333333,0.651787937874638,9,6,9,False,True,False,True,False,True,False,False,False,True,False,False,False,False,False,False,True,False,True,False
-0.10115885313749257,0,566,1.0867925984129432,0.75,407,0.6666666666666667,81,1.0,1,1.0,-0.5981128057561017,7122,4,0,18,0.0,1.0,2,-0.9359045730975464,2,0.6666666666666667,-0.9810141559830953,0,0,0,True,False,True,False,True,False,False,False,False,True,False,True,False,False,False,False,False,False,True,False
1.5413689168784945,0,1302,-0.8875151110697495,0.5,408,1.0,84,0.0,2,0.3333333333333333,-0.21692610454642605,16321,5,0,18,0.0,1.0,1,0.2211851850634235,3,0.6666666666666667,-0.4911735278257753,1,1,2,False,True,True,False,False,False,True,False,False,True,False,False,False,True,False,False,False,False,False,False
0.4463504035345031,0,334,-0.8875151110697495,0.75,410,1.0,88,0.6666666666666667,4,0.3333333333333333,2.0211115341612182,15896,1,0,19,0.0,0.3333333333333333,0,1.3782749432243935,2,0.6666666666666667,2.4478702411181446,10,0,4,False,True,False,True,True,False,False,False,False,True,False,False,True,False,False,False,False,False,False,True
-2.072192177156677,0,812,0.09963874367159682,0.5,411,1.0,69,0.3333333333333333,1,0.6666666666666667,-1.12675969126874,9724,1,0,12,0.0,0.0,0,-1.4501666878357553,2,0.6666666666666667,-1.1442943653688686,0,0,0,False,True,False,True,False,False,True,False,False,False,False,False,False,False,False,False,False,True,False,True
-0.9771736638126857,0,1476,0.8400041347276065,0.25,412,0.3333333333333333,68,1.0,2,0.0,-0.17889242588615184,4824,0,0,19,0.0,0.6666666666666667,0,-0.2930769296747854,2,0.6666666666666667,0.16194730971731802,3,0,7,False,True,True,False,False,False,True,False,False,True,False,False,False,False,False,False,False,False,False,True
-0.6486681098094882,0,218,-0.270543951856408,0.5,416,0.3333333333333333,100,1.0,2,1.0,0.0905305045117683,12241,4,0,11,0.0,0.3333333333333333,1,-0.16451140099023315,3,0.3333333333333333,0.16194730971731802,7,7,7,False,True,False,True,False,False,False,False,True,True,False,False,False,False,False,False,True,False,True,False
0.22734670086570485,0,1132,-1.0109093429124179,0.5,417,0.6666666666666667,48,1.0,3,1.0,0.6608232057641482,10942,0,0,17,0.0,0.0,3,0.9925783571707368,5,0.3333333333333333,1.794749403575051,10,3,7,False,True,True,False,False,False,True,False,False,True,False,False,False,False,False,False,False,False,False,False
-0.10115885313749257,0,1105,1.827157989468953,0.75,419,0.3333333333333333,47,0.6666666666666667,2,0.3333333333333333,-0.17613020341361796,6927,7,0,15,0.0,0.6666666666666667,1,-0.03594587230568093,3,0.6666666666666667,0.32522751910309133,8,0,8,False,False,True,False,True,False,False,False,False,False,False,True,False,False,False,False,False,False,True,False
-0.5391662584750891,0,906,-0.270543951856408,0.5,420,1.0,91,0.3333333333333333,2,0.6666666666666667,-0.2165011472429593,16985,1,0,14,0.0,0.6666666666666667,1,0.2211851850634235,3,0.3333333333333333,0.9783483566461847,8,4,8,False,True,False,True,True,False,False,False,False,True,False,False,False,False,False,False,True,False,True,False
0.11784484953130571,0,849,1.950552221311621,0.25,421,0.0,81,0.3333333333333333,3,0.3333333333333333,1.1809709452074515,26707,3,0,17,0.0,0.6666666666666667,1,0.9925783571707368,2,0.6666666666666667,0.48850772848886465,8,0,1,False,True,True,False,True,False,False,False,False,False,False,False,False,False,True,False,False,False,True,False
2.3078818762192883,0,390,-1.0109093429124179,0.75,422,1.0,32,0.0,2,0.6666666666666667,-0.17910490453788522,17056,2,1,13,0.0,1.0,1,0.09261965637887129,2,0.6666666666666667,-0.32789331844000197,3,1,2,False,False,True,False,True,False,False,False,False,True,False,False,False,False,False,False,False,False,False,False
-0.6486681098094882,0,691,-0.5173324155417446,0.75,423,0.6666666666666667,86,0.6666666666666667,1,1.0,-0.3573744933421873,10077,0,1,12,0.0,0.6666666666666667,1,-0.678773515728442,4,0.6666666666666667,-0.32789331844000197,2,0,3,False,True,True,False,False,False,False,False,True,True,False,False,False,False,False,True,False,False,True,False
-0.6486681098094882,0,106,-0.8875151110697495,0.5,424,0.0,62,0.3333333333333333,2,0.0,-0.01974591573785358,17822,3,0,12,0.0,1.0,0,-0.2930769296747854,1,0.6666666666666667,-0.8177339465973219,2,1,0,False,True,False,False,False,False,False,False,False,True,True,False,False,False,False,False,False,False,True,False
0.8843578088720997,0,1249,-0.270543951856408,0.5,425,0.0,97,0.6666666666666667,3,0.0,-0.2747202978179042,20308,1,0,18,0.0,0.0,1,1.6354060005934978,2,0.6666666666666667,2.774430659889691,9,9,11,True,False,True,False,True,False,False,False,False,True,False,True,False,False,False,False,False,False,False,False
-0.6486681098094882,0,192,-0.8875151110697495,0.75,426,0.6666666666666667,32,0.6666666666666667,1,1.0,-0.8091041069273436,7747,0,1,18,0.0,0.3333333333333333,1,-1.0644701017820986,2,0.0,-0.8177339465973219,2,2,2,False,True,True,False,True,False,False,False,False,True,False,False,False,False,False,True,False,False,False,False
-0.42966440714069,0,553,-0.5173324155417446,0.75,428,1.0,74,0.6666666666666667,3,0.3333333333333333,1.1420873519402437,23364,6,0,11,0.0,0.3333333333333333,2,0.09261965637887129,2,0.6666666666666667,0.48850772848886465,6,8,8,True,False,True,False,True,False,False,False,False,False,False,False,True,False,False,False,False,False,True,False
0.22734670086570485,0,117,0.09963874367159682,0.0,429,0.6666666666666667,99,0.6666666666666667,4,0.0,2.2448515544364627,5355,1,1,14,0.0,1.0,0,1.2497094145398413,3,0.6666666666666667,2.284590031732371,9,11,10,False,True,True,False,False,False,True,False,False,True,False,False,True,False,False,False,False,False,True,False
0.6653541062033014,0,185,0.09963874367159682,0.75,430,0.6666666666666667,33,0.6666666666666667,1,1.0,-0.8600989833433538,10675,0,0,19,0.0,0.0,0,-0.2930769296747854,5,0.6666666666666667,0.16194730971731802,7,1,7,True,False,True,False,True,False,False,False,False,False,False,True,False,False,False,False,False,False,False,True
1.3223652142096962,0,1091,-1.0109093429124179,0.25,431,0.6666666666666667,90,0.3333333333333333,4,0.6666666666666667,1.585317819456065,17810,7,1,12,0.0,1.0,0,1.76397152927805,2,0.6666666666666667,-0.0013328996684553085,1,0,7,False,True,True,False,False,False,False,False,True,False,False,False,False,False,False,False,False,False,False,True
1.6508707682128936,1,723,-0.14714972001373974,0.75,433,0.6666666666666667,85,0.3333333333333333,2,0.3333333333333333,-0.3318770551341822,17747,2,0,15,0.0,0.0,0,-0.03594587230568093,3,0.3333333333333333,0.16194730971731802,2,7,7,False,True,True,False,False,False,True,False,False,True,False,False,False,False,False,True,False,False,True,False
-1.0866755151470848,0,1220,-0.5173324155417446,0.5,434,0.6666666666666667,85,0.6666666666666667,1,0.3333333333333333,-0.8552119743534861,20938,1,1,12,0.0,0.3333333333333333,0,-0.9359045730975464,2,0.3333333333333333,-0.4911735278257753,3,1,2,False,True,True,False,True,False,False,False,False,False,False,False,False,False,False,True,False,False,False,True
-0.5391662584750891,0,588,-0.14714972001373974,0.25,436,0.6666666666666667,65,0.3333333333333333,2,0.3333333333333333,-0.27089568208670345,24624,1,1,11,0.0,1.0,0,0.2211851850634235,2,0.6666666666666667,0.9783483566461847,12,11,9,False,True,False,True,False,False,False,False,True,False,False,False,False,False,False,False,True,False,True,False
-1.0866755151470848,0,1377,-0.8875151110697495,0.5,437,1.0,74,0.6666666666666667,2,0.6666666666666667,-0.4302546708867351,5242,1,1,11,0.0,0.0,0,-0.8073390444129942,3,0.6666666666666667,-0.32789331844000197,4,0,4,False,True,False,True,True,False,False,False,False,True,False,False,False,False,False,False,True,False,False,True
-0.6486681098094882,0,691,-0.270543951856408,0.5,438,1.0,73,0.6666666666666667,2,1.0,0.22184231128299436,7143,4,0,12,0.0,1.0,3,0.2211851850634235,3,0.6666666666666667,-0.0013328996684553085,7,1,7,False,True,False,True,False,True,False,False,False,True,False,False,False,False,False,False,True,False,False,False
-0.5391662584750891,0,1018,-0.8875151110697495,0.75,439,0.0,74,1.0,2,1.0,-0.3076544888365774,10557,7,0,16,0.0,0.6666666666666667,0,-0.16451140099023315,0,0.3333333333333333,-0.0013328996684553085,7,0,7,False,True,True,False,False,False,True,False,False,False,False,False,False,False,False,True,False,False,False,True
-0.9771736638126857,1,1157,-0.8875151110697495,0.75,440,0.0,84,0.0,1,1.0,-0.6457080237443779,24737,5,1,13,0.0,1.0,0,-0.8073390444129942,4,0.3333333333333333,-0.6544537372115486,2,2,2,False,True,True,False,False,False,True,False,False,True,False,False,False,False,False,True,False,False,True,False
-0.7581699611438873,0,1275,2.320734916839626,0.25,441,1.0,64,0.6666666666666667,2,1.0,-0.15466985958854704,11934,1,0,13,0.0,1.0,2,-0.03594587230568093,2,0.6666666666666667,0.48850772848886465,8,1,9,False,True,True,False,False,False,True,False,False,False,False,False,False,False,False,True,False,False,True,False
-0.6486681098094882,0,798,-0.270543951856408,0.25,442,0.6666666666666667,48,0.3333333333333333,3,0.6666666666666667,0.5184625091027866,14034,1,0,24,1.0,0.0,1,-0.16451140099023315,2,0.6666666666666667,0.48850772848886465,9,8,9,True,False,True,False,True,False,False,False,False,False,False,False,False,True,False,False,False,False,True,False
0.22734670086570485,0,672,-0.270543951856408,0.25,444,0.6666666666666667,54,0.3333333333333333,5,1.0,2.7131545028568222,21141,1,0,15,0.0,0.0,1,1.2497094145398413,2,0.6666666666666667,2.284590031732371,9,13,3,True,False,True,False,False,False,True,False,False,True,False,False,True,False,False,False,False,False,True,False
0.22734670086570485,1,1162,-0.7641208792270812,0.25,445,1.0,41,0.6666666666666667,2,0.6666666666666667,-0.26877089556936967,17778,4,1,18,0.0,0.0,0,0.09261965637887129,3,0.3333333333333333,-0.9810141559830953,0,0,0,False,True,False,True,False,False,True,False,False,False,False,False,False,False,False,False,True,False,True,False
-0.42966440714069,0,508,0.09963874367159682,0.5,446,0.3333333333333333,46,0.3333333333333333,2,1.0,-0.3869090259331265,4317,3,0,14,0.0,0.6666666666666667,0,-0.2930769296747854,6,0.3333333333333333,-0.0013328996684553085,7,0,1,True,False,False,True,False,True,False,False,False,True,False,False,False,False,False,False,True,False,False,True
1.103361511540898,0,1482,-0.5173324155417446,1.0,447,1.0,42,0.6666666666666667,5,0.6666666666666667,2.5066252533719813,16375,4,0,11,0.0,0.3333333333333333,1,1.2497094145398413,2,0.6666666666666667,-0.6544537372115486,2,1,1,False,True,True,False,True,False,False,False,False,True,False,False,False,False,True,False,False,False,True,False
0.6653541062033014,0,559,0.09963874367159682,0.75,448,0.6666666666666667,82,0.3333333333333333,2,0.6666666666666667,-0.2647338011864355,6227,1,0,11,0.0,0.3333333333333333,1,-0.2930769296747854,3,1.0,0.32522751910309133,7,0,0,True,False,True,False,True,False,False,False,False,False,False,True,False,False,False,False,False,False,False,False
-1.0866755151470848,0,210,-1.0109093429124179,0.0,449,0.6666666666666667,73,0.6666666666666667,2,0.3333333333333333,-0.032707113493589485,22107,0,1,13,0.0,1.0,1,-0.678773515728442,0,0.6666666666666667,-0.32789331844000197,4,1,4,False,False,False,True,False,True,False,False,False,True,False,False,False,False,False,False,True,False,True,False
1.869874470881692,0,928,1.3335810620982798,0.75,450,1.0,31,0.6666666666666667,2,0.6666666666666667,-0.3471755180589852,16885,3,0,12,0.0,1.0,0,1.121143885855289,4,0.3333333333333333,-0.4911735278257753,3,0,3,True,False,True,False,True,False,False,False,False,False,False,False,False,False,False,True,False,False,False,True
0.6653541062033014,0,1001,-0.270543951856408,0.5,451,0.6666666666666667,43,0.6666666666666667,3,0.0,0.7398652642089639,9262,8,0,16,0.0,0.0,1,-0.16451140099023315,1,0.3333333333333333,-0.9810141559830953,0,0,0,False,True,True,False,True,False,False,False,False,False,False,False,False,False,False,False,False,False,True,False
0.8843578088720997,0,549,-0.14714972001373974,0.75,452,1.0,75,0.6666666666666667,2,1.0,-0.5962004978905013,9278,9,0,14,0.0,0.0,2,0.09261965637887129,3,0.6666666666666667,0.48850772848886465,9,9,8,False,True,True,False,False,False,False,True,False,True,False,False,False,False,False,True,False,False,True,False
0.33684855220010396,0,1124,-1.0109093429124179,0.25,453,0.3333333333333333,57,0.0,2,1.0,0.20271923262699057,13273,2,1,22,1.0,0.6666666666666667,3,-0.678773515728442,2,0.3333333333333333,-0.4911735278257753,3,0,2,False,True,False,True,False,False,True,False,False,True,False,False,False,False,False,False,True,False,True,False
-0.8676718124782865,1,318,-0.14714972001373974,0.75,454,0.3333333333333333,77,0.0,1,0.0,-0.9314918103257679,4759,1,1,11,0.0,1.0,0,-0.5502079870438897,4,0.3333333333333333,-0.0013328996684553085,7,0,7,False,True,True,False,False,False,False,True,False,True,False,True,False,False,False,False,False,False,True,False
-0.8676718124782865,0,738,-0.02375548817107146,1.0,455,0.3333333333333333,30,0.3333333333333333,1,1.0,-0.5354316034947559,7621,0,0,17,0.0,0.6666666666666667,0,-0.9359045730975464,2,0.6666666666666667,-0.6544537372115486,2,2,2,False,True,True,False,False,False,False,True,False,True,False,True,False,False,False,False,False,False,False,True
-0.7581699611438873,0,570,-0.5173324155417446,0.5,456,1.0,30,0.3333333333333333,2,0.6666666666666667,-0.08178968204399924,5431,1,0,13,0.0,0.6666666666666667,3,-0.16451140099023315,2,0.6666666666666667,0.48850772848886465,9,1,2,False,True,False,True,False,True,False,False,False,False,False,False,False,False,False,False,True,False,False,False
-1.0866755151470848,0,1130,-0.14714972001373974,0.75,458,0.3333333333333333,56,0.6666666666666667,2,0.3333333333333333,-0.061391731477595184,3415,1,0,18,0.0,0.0,1,-0.42164245835933756,3,0.6666666666666667,0.16194730971731802,7,0,7,False,True,False,True,False,True,False,False,False,False,False,False,False,False,False,False,True,False,True,False
0.008342998196906572,0,1192,-0.5173324155417446,0.25,460,1.0,61,0.6666666666666667,2,1.0,-0.03313207079705624,23177,7,0,16,0.0,0.6666666666666667,2,-0.42164245835933756,2,0.3333333333333333,-0.16461310905422863,2,0,4,False,True,True,False,False,False,True,False,False,True,False,False,False,True,False,False,False,False,False,False
0.11784484953130571,0,343,0.7166099028849382,0.25,461,0.6666666666666667,92,0.3333333333333333,3,1.0,1.0638952081023616,15682,0,1,14,0.0,0.3333333333333333,1,0.09261965637887129,3,0.6666666666666667,0.651787937874638,10,2,9,False,True,True,False,True,False,False,False,False,True,False,False,False,False,True,False,False,False,False,False
-0.6486681098094882,0,1232,-0.270543951856408,0.75,462,0.6666666666666667,39,0.6666666666666667,3,1.0,0.13600093598271068,25713,1,1,14,0.0,0.6666666666666667,0,-0.03594587230568093,2,0.3333333333333333,0.651787937874638,9,4,10,False,True,True,False,False,False,True,False,False,False,False,False,False,True,False,False,False,False,False,True
-0.8676718124782865,0,144,0.09963874367159682,0.0,463,1.0,39,0.3333333333333333,2,0.3333333333333333,0.3750394191827581,11866,1,1,14,0.0,0.0,2,-0.5502079870438897,2,0.6666666666666667,-0.0013328996684553085,7,1,7,False,True,False,True,False,True,False,False,False,False,False,False,False,False,False,False,True,False,False,False
-0.2106607044718917,0,1296,-0.5173324155417446,0.75,464,0.6666666666666667,62,0.6666666666666667,3,0.3333333333333333,0.33828061243288415,18264,0,0,13,0.0,1.0,0,0.7354472998016324,5,0.6666666666666667,1.4681889848035046,6,0,13,False,True,True,False,False,False,False,False,True,True,False,False,False,True,False,False,False,False,False,True
-1.5246829204846812,0,1309,2.0739464531542895,0.0,465,0.6666666666666667,83,0.6666666666666667,1,1.0,-0.7646960687150681,16092,1,0,12,0.0,0.6666666666666667,2,-0.9359045730975464,2,0.3333333333333333,-0.4911735278257753,2,0,2,False,True,True,False,True,False,False,False,False,True,False,False,False,False,False,True,False,False,False,False
0.4463504035345031,0,483,-0.3939381836990763,0.5,466,1.0,95,0.3333333333333333,2,0.3333333333333333,-0.10006284609306952,10110,6,1,15,0.0,1.0,0,-0.42164245835933756,3,0.6666666666666667,-0.32789331844000197,4,1,2,False,True,True,False,False,False,True,False,False,True,False,False,False,True,False,False,False,False,False,True
1.103361511540898,0,1309,-0.6407266473844129,0.0,467,0.3333333333333333,99,0.6666666666666667,2,0.6666666666666667,-0.749397605790265,25751,3,0,19,0.0,0.0,0,-0.8073390444129942,3,0.6666666666666667,-1.1442943653688686,0,0,0,True,False,False,True,False,False,True,False,False,True,False,False,False,False,False,False,False,True,False,True
0.5558522548689022,0,810,1.7037637576262845,1.0,468,0.0,44,0.6666666666666667,4,1.0,2.0162245251713506,15901,2,0,14,0.0,0.3333333333333333,0,0.6068817711170802,2,0.6666666666666667,-0.9810141559830953,0,0,0,False,True,True,False,True,False,False,False,False,False,False,False,False,False,True,False,False,False,False,True
-0.8676718124782865,0,746,-0.8875151110697495,0.5,469,1.0,61,0.6666666666666667,2,0.6666666666666667,-0.39392082144032786,16928,1,0,14,0.0,0.0,1,-0.9359045730975464,3,0.3333333333333333,-0.4911735278257753,3,0,2,False,False,False,True,True,False,False,False,False,True,False,False,False,False,False,False,True,False,True,False
0.5558522548689022,0,544,-0.8875151110697495,0.0,470,0.6666666666666667,52,0.6666666666666667,1,0.6666666666666667,-0.8088916282756102,24017,0,1,11,0.0,0.6666666666666667,1,-0.9359045730975464,5,0.6666666666666667,-0.6544537372115486,2,1,0,False,True,False,False,False,False,False,False,True,True,True,False,False,False,False,False,False,False,False,False
-0.5391662584750891,0,1062,-0.8875151110697495,0.5,471,0.6666666666666667,75,0.6666666666666667,1,0.3333333333333333,-0.8781596687406906,3956,1,0,13,0.0,0.6666666666666667,1,-0.42164245835933756,4,0.6666666666666667,0.16194730971731802,0,0,7,False,True,True,False,False,False,True,False,False,False,False,True,False,False,False,False,False,False,True,False
1.2128633628752972,0,530,2.4441291486822943,0.0,473,0.0,91,0.6666666666666667,3,0.6666666666666667,1.2750989879253367,23978,3,0,21,1.0,0.3333333333333333,1,0.4783162424325279,3,0.0,-1.1442943653688686,0,0,0,False,True,False,True,False,False,True,False,False,False,False,False,True,False,False,False,False,False,True,False
0.008342998196906572,0,1319,-0.3939381836990763,0.5,474,0.6666666666666667,51,1.0,2,0.0,-0.1123866078936053,17001,4,1,13,0.0,0.0,2,0.2211851850634235,2,0.6666666666666667,-0.0013328996684553085,7,6,7,False,True,True,False,False,False,True,False,False,True,False,False,False,False,False,True,False,False,False,False
-0.7581699611438873,0,641,1.950552221311621,0.25,475,1.0,85,0.6666666666666667,2,0.6666666666666667,-0.3754351787395242,6069,7,1,12,0.0,0.3333333333333333,1,-0.9359045730975464,2,1.0,-0.8177339465973219,2,2,2,False,False,False,True,False,False,False,False,True,False,False,False,False,False,False,False,True,False,True,False
-1.1961773664814839,0,933,-1.0109093429124179,0.5,476,0.6666666666666667,57,0.6666666666666667,2,0.6666666666666667,-0.2564471337688339,20156,1,0,17,0.0,0.3333333333333333,1,-0.42164245835933756,3,0.6666666666666667,0.16194730971731802,7,7,7,False,True,False,True,True,False,False,False,False,True,False,False,False,False,False,False,True,False,True,False
0.5558522548689022,0,1332,-0.8875151110697495,0.75,477,0.0,98,0.3333333333333333,2,1.0,0.05908366405522873,17078,3,0,23,1.0,0.3333333333333333,0,0.34975071374797573,6,0.6666666666666667,-0.9810141559830953,0,0,0,False,True,True,False,False,False,False,True,False,True,False,False,False,False,False,False,False,False,False,True
-1.7436866231534796,1,756,-1.0109093429124179,0.0,478,0.0,99,0.3333333333333333,1,0.3333333333333333,-0.9198054844804322,9150,1,1,11,0.0,0.6666666666666667,0,-1.0644701017820986,3,0.6666666666666667,-0.6544537372115486,2,1,2,True,False,False,True,False,False,False,False,True,False,False,False,False,False,False,False,False,True,False,True
-0.10115885313749257,0,845,-1.0109093429124179,1.0,479,1.0,45,0.6666666666666667,2,1.0,0.03188639663335667,15276,4,0,15,0.0,0.3333333333333333,0,-0.5502079870438897,6,0.6666666666666667,-0.9810141559830953,0,0,0,False,False,False,True,False,False,True,False,False,False,False,False,False,False,False,False,True,False,False,True
-0.10115885313749257,0,541,-0.7641208792270812,0.75,481,0.0,48,0.3333333333333333,3,1.0,0.6790963698132185,7246,4,0,11,0.0,0.0,1,0.6068817711170802,2,0.6666666666666667,0.9783483566461847,9,1,12,True,False,False,True,False,False,True,False,False,True,False,False,False,False,False,False,True,False,True,False
2.1983800248848895,0,593,-1.0109093429124179,0.75,482,1.0,88,0.6666666666666667,2,0.6666666666666667,0.05355921911016097,2967,2,0,11,0.0,0.6666666666666667,0,0.4783162424325279,2,0.6666666666666667,-0.6544537372115486,2,1,2,False,True,True,False,False,False,True,False,False,True,False,False,False,False,False,False,False,False,True,False
0.33684855220010396,0,1171,0.09963874367159682,0.75,483,1.0,46,1.0,1,0.6666666666666667,-0.9115188170628306,22495,3,1,13,0.0,0.6666666666666667,1,-0.16451140099023315,3,0.6666666666666667,-0.0013328996684553085,7,1,7,False,True,True,False,True,False,False,False,False,False,False,True,False,False,False,False,False,False,True,False
-1.7436866231534796,0,895,-0.02375548817107146,0.25,484,0.0,39,0.6666666666666667,1,1.0,-0.8271647923246805,2851,1,0,24,1.0,0.6666666666666667,0,-1.0644701017820986,3,0.3333333333333333,-0.6544537372115486,2,2,2,False,False,False,True,False,False,True,False,False,True,False,False,False,False,False,False,False,True,False,True
-0.42966440714069,1,350,-0.5173324155417446,0.5,485,1.0,34,0.6666666666666667,1,0.6666666666666667,-0.775957437256937,9150,1,1,13,0.0,0.3333333333333333,0,-1.3216011591512031,2,0.6666666666666667,-0.9810141559830953,0,0,0,False,True,False,True,False,True,False,False,False,False,False,False,False,False,False,False,False,True,False,True
0.008342998196906572,0,921,0.09963874367159682,0.5,486,0.6666666666666667,98,0.6666666666666667,1,0.0,-0.6482577675651784,17663,6,0,20,1.0,0.3333333333333333,1,0.7354472998016324,3,0.6666666666666667,-0.32789331844000197,4,0,3,False,True,True,False,False,False,True,False,False,False,False,True,False,False,False,False,False,False,True,False
0.9938596602064987,0,1144,-0.270543951856408,0.75,487,0.6666666666666667,30,0.6666666666666667,2,0.6666666666666667,-0.2645213225347022,16044,2,0,14,0.0,0.6666666666666667,0,-0.5502079870438897,2,1.0,-0.9810141559830953,0,0,0,False,False,True,False,False,False,True,False,False,False,False,False,False,True,False,False,False,False,True,False
0.4463504035345031,1,143,-0.6407266473844129,0.5,488,0.0,56,0.6666666666666667,2,0.3333333333333333,0.6060037136169373,9558,1,0,18,0.0,0.6666666666666667,0,-0.42164245835933756,5,0.6666666666666667,0.16194730971731802,7,7,7,True,False,False,True,False,True,False,False,False,True,False,False,False,False,False,False,True,False,False,True
1.4318670655440953,0,1046,0.09963874367159682,0.5,491,1.0,100,0.3333333333333333,3,1.0,0.8484418552447187,2755,6,0,15,0.0,1.0,0,1.121143885855289,2,0.6666666666666667,-0.4911735278257753,3,1,3,False,True,True,False,False,False,False,False,True,True,False,False,False,False,False,False,False,False,False,True
0.33684855220010396,1,575,1.5803695257836163,0.25,492,0.6666666666666667,68,0.3333333333333333,2,0.6666666666666667,-0.026120275289854847,6110,2,1,12,0.0,0.0,2,-0.42164245835933756,6,0.6666666666666667,-0.16461310905422863,4,1,0,False,True,False,True,False,True,False,False,False,True,False,False,False,False,False,False,True,False,True,False
-0.6486681098094882,0,408,-0.02375548817107146,0.75,493,0.6666666666666667,42,0.3333333333333333,1,0.3333333333333333,-0.8171782956932119,7551,0,1,16,0.0,1.0,0,-1.0644701017820986,5,0.6666666666666667,-0.8177339465973219,2,2,2,False,True,True,False,True,False,False,False,False,True,False,False,False,False,False,True,False,False,False,True
-1.7436866231534796,1,156,0.3464272073569334,0.5,494,0.6666666666666667,90,1.0,1,0.3333333333333333,-0.8046420552409427,25422,1,0,15,0.0,1.0,0,-1.3216011591512031,0,0.6666666666666667,-0.9810141559830953,0,0,0,False,True,False,True,True,False,False,False,False,False,False,False,False,False,False,False,False,True,False,True
-0.8676718124782865,0,1283,1.7037637576262845,0.5,495,1.0,54,0.6666666666666667,1,1.0,-0.9140685608836311,18168,9,0,16,0.0,1.0,0,-0.678773515728442,4,0.6666666666666667,-0.6544537372115486,2,1,2,False,True,True,False,True,False,False,False,False,True,False,False,False,False,False,True,False,False,False,True
-0.2106607044718917,0,755,-0.02375548817107146,0.75,496,0.6666666666666667,97,0.3333333333333333,2,0.3333333333333333,0.007876308987485236,19394,9,0,19,0.0,0.6666666666666667,0,-0.16451140099023315,5,0.6666666666666667,-0.9810141559830953,1,0,0,False,True,True,False,True,False,False,False,False,True,False,False,False,False,False,False,False,False,False,True
-1.0866755151470848,0,1469,-1.0109093429124179,0.25,497,1.0,82,0.6666666666666667,1,0.3333333333333333,-0.5709155383342297,17881,1,0,11,0.0,0.3333333333333333,1,-0.8073390444129942,2,0.6666666666666667,-0.32789331844000197,2,0,4,False,True,True,False,False,False,True,False,False,True,False,True,False,False,False,False,False,False,False,False
-0.9771736638126857,0,304,-0.02375548817107146,0.75,498,0.3333333333333333,92,0.6666666666666667,2,1.0,-0.26558371579336904,20750,1,0,16,0.0,1.0,0,-0.5502079870438897,1,0.6666666666666667,-0.0013328996684553085,5,0,7,False,True,False,True,True,False,False,False,False,True,False,False,False,False,False,False,True,False,False,True
1.3223652142096962,0,1261,-0.270543951856408,0.5,499,0.3333333333333333,31,0.3333333333333333,3,0.6666666666666667,0.9480943429076719,12066,8,0,24,1.0,0.6666666666666667,0,1.8925370579626022,2,0.6666666666666667,-0.32789331844000197,2,0,0,False,True,True,False,False,False,False,True,False,True,False,False,False,False,False,False,False,False,False,True
1.5413689168784945,0,1178,0.59321567104227,0.25,500,0.6666666666666667,87,0.6666666666666667,2,1.0,-0.3329394483928491,14862,4,0,11,0.0,0.6666666666666667,1,0.8640128284861845,2,0.3333333333333333,-0.0013328996684553085,7,0,7,False,True,False,True,True,False,False,False,False,False,False,False,False,False,False,False,True,False,True,False
-0.10115885313749257,0,329,-0.8875151110697495,0.5,501,1.0,96,0.6666666666666667,1,0.6666666666666667,-0.8414008619908167,11868,4,0,13,0.0,0.3333333333333333,1,-0.678773515728442,3,0.6666666666666667,-0.8177339465973219,2,2,2,False,True,True,False,True,False,False,False,False,False,False,False,False,False,False,True,False,False,True,False
-0.3201625558062908,1,1362,1.2101868302556114,0.5,502,0.0,67,1.0,2,1.0,-0.2547473045549669,4652,8,1,13,0.0,0.3333333333333333,0,-0.2930769296747854,3,0.3333333333333333,-0.32789331844000197,2,0,4,False,False,False,True,False,True,False,False,False,True,False,False,False,False,False,False,True,False,False,True
1.979376322216091,0,1311,-0.8875151110697495,0.5,505,0.6666666666666667,97,0.6666666666666667,4,1.0,2.157947785877512,23258,2,1,13,0.0,0.6666666666666667,0,2.406799172700811,2,0.6666666666666667,-0.32789331844000197,4,1,2,False,True,True,False,True,False,False,False,False,False,False,False,True,False,False,False,False,False,False,True
-1.4151810691502822,0,1371,0.09963874367159682,0.75,507,1.0,77,0.6666666666666667,2,0.6666666666666667,-0.4765750169646109,5915,1,1,12,0.0,1.0,1,-0.8073390444129942,2,1.0,-0.32789331844000197,2,0,3,False,True,False,True,False,True,False,False,False,False,False,False,False,False,False,False,True,False,False,False
-0.7581699611438873,0,202,-0.8875151110697495,0.0,508,0.6666666666666667,72,0.6666666666666667,1,0.3333333333333333,-0.8556369316569529,17434,1,0,18,0.0,0.0,1,-1.3216011591512031,3,0.6666666666666667,-0.9810141559830953,0,0,0,False,True,False,True,False,False,False,False,True,True,False,False,False,False,False,False,False,True,True,False
-1.1961773664814839,1,575,-0.7641208792270812,0.0,510,0.6666666666666667,73,0.6666666666666667,1,0.0,-0.7226252956718597,6582,0,0,22,1.0,0.6666666666666667,0,-0.5502079870438897,2,0.6666666666666667,-0.16461310905422863,4,0,4,True,False,True,False,False,False,False,False,True,True,False,False,False,False,False,True,False,False,False,True
-1.6341847718190805,0,253,0.2230329755142651,0.5,511,0.0,43,0.6666666666666667,1,0.3333333333333333,-0.9049319788590959,24440,1,0,13,0.0,1.0,1,-1.193035630466651,1,0.6666666666666667,-0.8177339465973219,1,1,2,False,True,True,False,False,False,True,False,False,False,False,False,False,False,False,True,False,False,True,False
-0.10115885313749257,0,164,-0.8875151110697495,0.25,513,0.3333333333333333,61,0.3333333333333333,3,0.6666666666666667,0.2322537652179298,3809,1,0,13,0.0,0.3333333333333333,2,-0.16451140099023315,2,0.6666666666666667,0.48850772848886465,9,9,0,False,True,False,True,False,False,True,False,False,True,False,False,False,False,False,False,True,False,True,False
-0.7581699611438873,1,464,-0.6407266473844129,0.5,514,0.6666666666666667,40,0.6666666666666667,1,1.0,-0.8962203541380276,3427,9,1,23,1.0,0.6666666666666667,0,-1.0644701017820986,4,0.6666666666666667,-0.9810141559830953,0,0,0,True,False,True,False,False,False,False,False,True,True,False,False,False,False,False,True,False,False,False,True
0.008342998196906572,0,1107,0.59321567104227,0.5,515,1.0,95,0.6666666666666667,1,0.0,-0.7370738439897293,26914,1,0,12,0.0,0.6666666666666667,1,0.8640128284861845,2,0.3333333333333333,1.794749403575051,7,12,17,False,True,True,False,True,False,False,False,False,False,False,True,False,False,False,False,False,False,False,False
0.33684855220010396,0,759,-0.8875151110697495,0.25,516,1.0,46,0.6666666666666667,2,0.3333333333333333,-0.16741857869254956,22553,7,0,12,0.0,0.6666666666666667,2,-0.42164245835933756,5,0.6666666666666667,-0.32789331844000197,4,1,3,False,True,False,True,False,True,False,False,False,False,False,False,False,False,False,False,True,False,False,False
0.5558522548689022,0,201,-1.0109093429124179,0.75,517,0.3333333333333333,95,0.6666666666666667,1,0.0,-0.8343890664836153,20490,3,0,16,0.0,0.3333333333333333,1,-0.42164245835933756,5,0.6666666666666667,-0.32789331844000197,2,1,2,False,True,True,False,True,False,False,False,False,False,False,True,False,False,False,False,False,False,False,False
0.008342998196906572,0,1305,0.09963874367159682,0.75,518,0.6666666666666667,49,0.6666666666666667,2,0.3333333333333333,-0.48996117202381356,21123,2,1,12,0.0,1.0,0,0.8640128284861845,2,0.3333333333333333,-0.9810141559830953,0,0,1,False,True,True,False,True,False,False,False,False,True,False,False,False,True,False,False,False,False,False,True
0.6653541062033014,0,982,0.3464272073569334,0.5,520,0.0,59,0.3333333333333333,4,0.3333333333333333,1.6643598779008808,4345,1,0,11,0.0,0.6666666666666667,1,1.76397152927805,3,0.6666666666666667,2.9377108692754645,10,3,9,False,True,True,False,True,False,False,False,False,True,False,False,False,False,True,False,False,False,False,False
0.33684855220010396,0,555,-0.8875151110697495,0.5,521,0.3333333333333333,78,0.3333333333333333,2,0.6666666666666667,-0.6491076821721119,13436,6,0,22,1.0,0.3333333333333333,1,1.121143885855289,3,0.6666666666666667,-0.9810141559830953,0,0,0,False,True,True,False,False,False,True,False,False,False,False,True,False,False,False,False,False,False,True,False
1.869874470881692,0,821,-0.5173324155417446,0.25,522,0.0,86,0.6666666666666667,5,0.0,2.7416266421890945,8509,4,0,11,0.0,0.6666666666666667,1,1.6354060005934978,4,0.3333333333333333,-0.4911735278257753,2,1,2,False,True,True,False,False,False,True,False,False,True,False,False,False,False,True,False,False,False,True,False
-0.3201625558062908,0,1381,-0.6407266473844129,0.75,523,0.6666666666666667,72,0.6666666666666667,2,0.6666666666666667,0.007451351684018484,12740,9,0,15,0.0,0.0,1,-0.678773515728442,3,0.6666666666666667,-0.6544537372115486,2,1,2,False,False,False,True,False,True,False,False,False,False,False,False,False,False,False,False,True,False,True,False
-0.6486681098094882,0,480,-0.270543951856408,0.25,524,0.3333333333333333,31,0.6666666666666667,2,0.0,-0.46680099898487565,4156,1,0,12,0.0,0.3333333333333333,1,0.2211851850634235,5,0.0,0.9783483566461847,10,3,12,False,True,True,False,False,False,True,False,False,False,False,False,False,True,False,False,False,False,True,False
0.6653541062033014,0,313,1.456975293940948,0.5,525,1.0,61,0.6666666666666667,1,1.0,-0.9019572777348287,15238,7,0,20,1.0,0.0,1,-0.42164245835933756,1,0.6666666666666667,-0.6544537372115486,2,1,2,True,False,True,False,False,False,True,False,False,True,False,True,False,False,False,False,False,False,True,False
0.6653541062033014,0,1473,-0.14714972001373974,0.75,526,0.6666666666666667,74,0.6666666666666667,2,0.6666666666666667,-0.4209056102104666,2227,4,1,14,0.0,1.0,0,-0.42164245835933756,3,0.6666666666666667,-0.32789331844000197,2,0,2,False,True,True,False,False,False,False,True,False,False,False,False,False,False,False,False,False,False,False,False
-1.3056792178158831,0,891,-0.6407266473844129,0.25,527,0.3333333333333333,99,0.3333333333333333,2,1.0,-0.4283423630211347,12090,1,1,11,0.0,0.3333333333333333,0,-0.8073390444129942,3,0.6666666666666667,-0.32789331844000197,4,1,3,False,True,False,True,True,False,False,False,False,False,False,False,False,False,False,False,True,False,False,True
0.008342998196906572,0,1063,1.950552221311621,1.0,529,0.3333333333333333,72,0.6666666666666667,2,0.6666666666666667,-0.43641655178700295,23866,3,1,15,0.0,0.0,2,0.4783162424325279,2,0.6666666666666667,0.9783483566461847,11,10,7,False,False,True,False,False,False,True,False,False,False,False,False,False,False,False,True,False,False,True,False
-0.6486681098094882,0,329,-1.0109093429124179,0.25,530,1.0,98,0.3333333333333333,1,0.0,-0.9104564238041637,16193,1,0,12,0.0,0.6666666666666667,1,-0.9359045730975464,3,0.6666666666666667,-0.4911735278257753,2,3,2,False,True,True,False,True,False,False,False,False,True,False,True,False,False,False,False,False,False,True,False
0.22734670086570485,0,1218,-1.0109093429124179,0.0,531,0.3333333333333333,52,0.6666666666666667,5,0.6666666666666667,2.697218603976819,8213,1,1,14,0.0,0.6666666666666667,1,1.2497094145398413,3,0.6666666666666667,2.284590031732371,8,1,6,True,False,True,False,True,False,False,False,False,True,False,False,True,False,False,False,False,False,False,False
2.08887817355049,0,906,-0.3939381836990763,0.5,532,0.6666666666666667,86,1.0,4,0.0,1.4255338733525666,18256,9,0,11,0.0,1.0,3,3.1781923448081244,0,0.3333333333333333,-0.0013328996684553085,7,7,7,True,False,False,True,True,False,False,False,False,False,False,False,False,False,False,False,True,False,True,False
-0.7581699611438873,0,1082,0.3464272073569334,0.5,533,0.3333333333333333,83,0.6666666666666667,2,0.6666666666666667,0.015738019101620128,19558,0,0,11,0.0,0.3333333333333333,0,-0.678773515728442,6,0.6666666666666667,-0.32789331844000197,4,4,4,False,True,False,True,False,False,False,False,True,False,False,False,False,False,False,False,True,False,False,True
0.4463504035345031,0,645,-1.0109093429124179,0.5,534,0.3333333333333333,49,1.0,3,0.0,0.4013867719976967,19566,1,0,16,0.0,0.6666666666666667,1,-0.16451140099023315,2,0.6666666666666667,0.48850772848886465,7,0,7,False,True,False,True,False,True,False,False,False,True,False,False,False,False,False,False,True,False,True,False
-0.9771736638126857,0,1300,0.9633983665702748,0.25,536,0.6666666666666667,79,0.6666666666666667,2,0.0,-0.41325637874806503,13535,1,0,12,0.0,1.0,1,-0.16451140099023315,2,0.6666666666666667,0.48850772848886465,0,1,8,False,True,True,False,False,False,True,False,False,True,False,True,False,False,False,False,False,False,False,False
-1.3056792178158831,1,688,-0.7641208792270812,0.5,538,0.0,91,0.6666666666666667,1,0.0,-0.5252326282115539,9396,5,0,13,0.0,0.6666666666666667,1,-0.678773515728442,5,0.6666666666666667,-0.8177339465973219,2,0,2,False,True,True,False,False,False,True,False,False,True,False,True,False,False,False,False,False,False,True,False
1.6508707682128936,0,319,-0.7641208792270812,0.5,543,1.0,39,0.3333333333333333,3,0.6666666666666667,0.31150830231447885,19609,2,1,14,0.0,0.6666666666666667,0,2.1496681153317065,4,0.6666666666666667,-0.32789331844000197,4,0,4,False,True,True,False,False,False,True,False,False,True,False,False,False,True,False,False,False,False,True,False
0.8843578088720997,0,192,0.09963874367159682,0.25,544,0.0,69,0.6666666666666667,1,1.0,-0.817815731648412,9655,3,0,21,1.0,1.0,2,-0.42164245835933756,3,0.3333333333333333,-0.8177339465973219,2,0,2,False,True,True,False,True,False,False,False,False,True,False,False,False,False,False,True,False,False,True,False
1.6508707682128936,0,1490,-0.6407266473844129,0.25,546,1.0,30,0.6666666666666667,4,1.0,2.135850006097241,10310,2,0,13,0.0,1.0,0,2.535364701385363,2,0.0,-0.32789331844000197,2,1,4,False,True,True,False,True,False,False,False,False,False,False,False,True,False,False,False,False,False,True,False
0.5558522548689022,0,532,2.4441291486822943,0.25,547,0.0,92,0.6666666666666667,2,0.6666666666666667,-0.4136813360515318,12932,2,0,11,0.0,0.3333333333333333,1,0.9925783571707368,3,0.6666666666666667,-0.32789331844000197,4,0,2,True,False,True,False,True,False,False,False,False,False,False,False,False,False,False,True,False,False,False,False
-0.7581699611438873,0,317,-0.8875151110697495,0.5,548,0.6666666666666667,43,0.0,2,1.0,-0.08752660564080036,24793,2,0,20,1.0,0.6666666666666667,0,-0.03594587230568093,2,0.6666666666666667,-0.32789331844000197,4,0,2,False,True,True,False,True,False,False,False,False,False,False,False,False,True,False,False,False,False,False,True
2.526885578888087,0,422,-0.270543951856408,0.5,549,0.0,41,0.6666666666666667,5,0.0,2.7756232264664344,3854,5,0,11,0.0,1.0,0,2.7924957587544674,5,0.0,3.5908317068185576,8,11,10,False,True,True,False,True,False,False,False,False,False,False,False,True,False,False,False,False,False,True,False
0.9938596602064987,0,1485,1.0867925984129432,0.5,550,0.6666666666666667,87,0.6666666666666667,2,0.6666666666666667,-0.3597117585112544,26314,2,0,14,0.0,0.6666666666666667,1,0.9925783571707368,5,0.3333333333333333,0.48850772848886465,7,0,8,False,True,True,False,False,False,True,False,False,False,False,False,False,True,False,False,False,False,False,False
0.5558522548689022,0,1368,2.320734916839626,0.75,551,1.0,88,0.3333333333333333,2,1.0,-0.42069313155873317,4386,0,0,11,0.0,1.0,3,-0.5502079870438897,4,1.0,-0.16461310905422863,5,0,4,True,False,True,False,False,False,False,False,True,False,False,False,False,False,False,False,False,False,True,False
-1.4151810691502822,1,1448,-1.0109093429124179,0.0,554,0.0,62,0.6666666666666667,1,0.3333333333333333,-0.7013774304985222,21972,1,1,16,0.0,0.3333333333333333,0,-0.678773515728442,4,0.6666666666666667,-0.32789331844000197,3,1,4,False,True,False,True,False,False,False,False,True,False,False,False,False,False,False,False,False,True,False,True
-0.3201625558062908,1,296,-0.3939381836990763,0.25,555,1.0,33,0.0,1,0.6666666666666667,-0.8821967631236248,12253,0,0,16,0.0,1.0,1,-1.0644701017820986,3,0.3333333333333333,-0.8177339465973219,2,1,0,True,False,False,True,False,True,False,False,False,False,False,False,False,False,False,False,False,True,False,False
0.11784484953130571,0,1490,-0.8875151110697495,0.25,556,1.0,42,0.6666666666666667,1,1.0,-1.0200954080985856,12106,1,1,23,1.0,0.6666666666666667,1,-1.3216011591512031,3,0.6666666666666667,-0.9810141559830953,0,0,0,True,False,True,False,True,False,False,False,False,True,False,True,False,False,False,False,False,False,True,False
0.33684855220010396,0,1398,-0.8875151110697495,0.75,558,0.6666666666666667,79,0.6666666666666667,5,0.6666666666666667,2.451593282573037,13022,0,0,14,0.0,1.0,0,1.2497094145398413,2,0.6666666666666667,2.1213098223465976,15,1,12,False,True,False,True,True,False,False,False,False,False,False,False,True,False,False,False,False,False,True,False
-1.1961773664814839,0,1349,1.7037637576262845,0.5,560,0.0,90,0.6666666666666667,1,1.0,-0.7685206844462689,3032,1,0,22,1.0,0.3333333333333333,2,-1.0644701017820986,3,0.0,-0.6544537372115486,2,0,2,False,True,True,False,True,False,False,False,False,False,False,False,False,False,False,True,False,False,False,False
-0.7581699611438873,0,1400,-0.7641208792270812,0.5,562,0.6666666666666667,53,0.6666666666666667,1,1.0,-0.9361663406639021,16734,4,0,15,0.0,0.6666666666666667,1,-0.2930769296747854,3,0.0,-0.32789331844000197,3,1,4,False,False,True,False,True,False,False,False,False,True,False,True,False,False,False,False,False,False,True,False
-0.8676718124782865,0,986,-0.7641208792270812,0.75,564,0.3333333333333333,93,0.3333333333333333,3,0.6666666666666667,1.154198635089046,21526,1,0,18,0.0,0.6666666666666667,0,-0.16451140099023315,2,0.6666666666666667,0.48850772848886465,2,0,7,False,True,True,False,False,False,True,False,False,True,False,False,False,False,True,False,False,False,True,False
-0.8676718124782865,1,408,1.950552221311621,1.0,565,0.6666666666666667,71,0.3333333333333333,1,0.3333333333333333,-0.8407634260356166,18300,5,0,16,0.0,0.3333333333333333,0,-0.678773515728442,2,1.0,-0.8177339465973219,2,1,1,False,True,True,False,False,False,False,False,True,False,False,False,False,False,False,True,False,False,True,False
-1.9626903258222779,1,489,-0.8875151110697495,0.25,566,0.0,52,0.3333333333333333,1,1.0,-0.8369388103044157,18437,1,0,12,0.0,0.6666666666666667,0,-1.3216011591512031,3,1.0,-0.9810141559830953,0,0,0,False,True,False,False,False,False,False,False,True,True,True,False,False,False,False,False,False,False,False,True
-0.7581699611438873,0,1398,1.5803695257836163,0.75,567,0.6666666666666667,69,0.6666666666666667,3,0.0,0.4056363450323642,2890,0,0,11,0.0,0.6666666666666667,0,-0.16451140099023315,3,0.6666666666666667,0.32522751910309133,8,7,8,False,False,False,True,False,False,False,True,False,False,False,False,False,False,False,False,True,False,True,False
2.1983800248848895,0,210,2.4441291486822943,0.5,568,0.0,56,0.3333333333333333,4,1.0,1.618039531823005,22102,3,0,12,0.0,0.6666666666666667,1,2.6639302300699153,3,0.3333333333333333,-0.9810141559830953,0,0,0,False,True,False,True,False,True,False,False,False,True,False,False,True,False,False,False,False,False,False,False
1.4318670655440953,0,1099,2.4441291486822943,0.75,569,0.3333333333333333,88,0.3333333333333333,4,0.6666666666666667,2.2401770240983283,9314,0,0,15,0.0,0.3333333333333333,1,2.1496681153317065,2,0.6666666666666667,3.264271288047011,10,15,7,False,True,True,False,True,False,False,False,False,True,False,False,True,False,False,False,False,False,True,False
-0.7581699611438873,0,1116,-0.8875151110697495,0.5,571,0.6666666666666667,49,0.6666666666666667,1,1.0,-0.8369388103044157,7181,0,0,14,0.0,0.6666666666666667,0,0.09261965637887129,2,0.3333333333333333,0.651787937874638,7,6,7,False,False,True,False,False,False,True,False,False,False,False,True,False,False,False,False,False,False,False,True
2.526885578888087,0,1499,2.320734916839626,0.5,573,0.6666666666666667,80,0.3333333333333333,3,0.0,0.7995717653460424,2845,4,0,19,0.0,1.0,0,1.3782749432243935,5,1.0,1.794749403575051,13,13,11,True,False,False,True,False,True,False,False,False,False,False,False,False,False,False,False,True,False,True,False
1.103361511540898,0,983,-0.8875151110697495,0.25,574,0.0,65,0.6666666666666667,2,1.0,-0.3044673090605768,7389,5,0,13,0.0,0.6666666666666667,3,1.121143885855289,2,0.6666666666666667,-0.32789331844000197,0,0,4,False,True,True,False,False,False,True,False,False,False,False,False,False,True,False,False,False,False,False,False
0.9938596602064987,0,1009,-0.8875151110697495,0.5,575,0.0,51,0.6666666666666667,4,0.6666666666666667,2.4133471252610295,2288,6,0,13,0.0,0.6666666666666667,0,1.8925370579626022,2,0.0,-0.6544537372115486,2,0,1,False,True,True,False,True,False,False,False,False,True,False,False,False,False,True,False,False,False,True,False
-0.2106607044718917,0,144,1.5803695257836163,0.5,577,1.0,46,0.0,1,0.6666666666666667,-0.4829493765166122,19225,0,0,15,0.0,0.6666666666666667,0,-0.678773515728442,2,0.6666666666666667,-0.32789331844000197,4,4,3,False,True,True,False,True,False,False,False,False,True,False,True,False,False,False,False,False,False,False,True
1.869874470881692,0,548,-0.14714972001373974,0.75,578,0.6666666666666667,42,0.6666666666666667,2,0.6666666666666667,-0.5785647697966312,23428,7,0,11,0.0,0.6666666666666667,0,0.9925783571707368,3,0.6666666666666667,-0.9810141559830953,0,0,0,False,True,True,False,True,False,False,False,False,False,False,True,False,False,False,False,False,False,False,True
-0.3201625558062908,0,1303,-0.8875151110697495,0.75,579,1.0,62,0.3333333333333333,1,0.6666666666666667,-0.7935931653508072,8416,3,0,12,0.0,0.6666666666666667,1,0.34975071374797573,3,0.6666666666666667,-0.0013328996684553085,3,5,7,False,True,True,False,True,False,False,False,False,True,False,False,False,False,False,True,False,False,False,False
0.9938596602064987,0,1125,0.09963874367159682,0.5,580,0.6666666666666667,94,0.3333333333333333,3,1.0,0.5456597765246587,11563,2,1,19,0.0,0.6666666666666667,1,0.4783162424325279,3,0.6666666666666667,-0.6544537372115486,2,1,2,False,True,False,True,False,True,False,False,False,False,False,False,False,False,False,False,True,False,True,False
-0.6486681098094882,0,1274,-0.02375548817107146,0.0,581,0.6666666666666667,33,0.6666666666666667,3,0.3333333333333333,0.8807386103081919,14394,1,0,25,1.0,1.0,1,0.2211851850634235,6,1.0,0.9783483566461847,8,0,8,False,True,True,False,True,False,False,False,False,True,False,False,False,True,False,False,False,False,False,False
-0.42966440714069,1,1277,0.7166099028849382,0.0,582,0.3333333333333333,56,0.6666666666666667,3,0.6666666666666667,1.5101003767424501,24619,7,1,12,0.0,1.0,0,0.4783162424325279,2,1.0,-0.0013328996684553085,6,7,7,False,True,True,False,False,False,True,False,False,True,False,False,True,False,False,False,False,False,True,False
-0.42966440714069,1,587,0.09963874367159682,0.0,584,0.0,38,0.0,1,1.0,-0.6576068282414469,6705,7,0,13,0.0,0.0,3,-0.42164245835933756,2,0.6666666666666667,-0.4911735278257753,3,1,3,False,True,True,False,False,False,True,False,False,True,False,True,False,False,False,False,False,False,False,False
-0.7581699611438873,0,413,-0.270543951856408,0.0,585,1.0,57,0.6666666666666667,1,0.3333333333333333,-0.7479102552281315,18398,0,0,14,0.0,0.0,0,-0.9359045730975464,3,0.6666666666666667,-0.6544537372115486,2,1,2,False,True,False,True,False,True,False,False,False,True,False,False,False,False,False,False,False,True,False,True
-0.2106607044718917,0,1276,0.8400041347276065,0.5,586,1.0,72,0.6666666666666667,3,0.6666666666666667,0.2399029966803313,14295,4,1,12,0.0,0.6666666666666667,0,-0.16451140099023315,2,0.6666666666666667,0.16194730971731802,7,0,0,False,True,True,False,True,False,False,False,False,True,False,False,False,False,False,False,False,False,True,False
-0.6486681098094882,1,534,1.3335810620982798,0.5,587,0.0,66,0.6666666666666667,3,0.6666666666666667,0.7056562012798904,22908,3,0,12,0.0,0.0,0,0.09261965637887129,2,0.6666666666666667,-0.9810141559830953,0,0,0,True,False,True,False,True,False,False,False,False,True,False,False,False,False,False,False,False,False,True,False
-0.3201625558062908,1,988,1.7037637576262845,0.5,590,0.3333333333333333,43,0.6666666666666667,3,0.0,0.7324285113982957,11533,9,1,15,0.0,0.6666666666666667,3,-0.03594587230568093,2,0.6666666666666667,-0.6544537372115486,2,0,2,True,False,False,False,False,False,False,False,False,False,True,False,False,False,False,False,False,False,False,False
0.5558522548689022,0,1474,-0.5173324155417446,0.25,591,0.3333333333333333,97,0.6666666666666667,1,0.6666666666666667,-0.9370162552708357,9260,4,0,17,0.0,1.0,1,-0.42164245835933756,4,0.6666666666666667,-0.8177339465973219,2,2,0,True,False,True,False,False,False,False,True,False,True,False,True,False,False,False,False,False,False,True,False
-0.10115885313749257,0,635,0.09963874367159682,0.75,592,0.3333333333333333,32,0.6666666666666667,3,1.0,0.738802870950297,15318,1,0,14,0.0,1.0,0,-0.16451140099023315,3,0.3333333333333333,0.48850772848886465,3,9,7,False,False,False,True,False,False,True,False,False,True,False,False,False,False,False,False,True,False,False,True
-1.6341847718190805,1,1368,-0.6407266473844129,0.0,593,0.6666666666666667,99,0.3333333333333333,1,0.6666666666666667,-0.5543422034990264,9129,5,0,16,0.0,0.6666666666666667,0,-0.9359045730975464,3,0.6666666666666667,-0.8177339465973219,2,1,2,True,False,True,False,False,False,False,False,True,True,False,True,False,False,False,False,False,False,False,True
1.2128633628752972,0,163,-0.8875151110697495,1.0,595,0.3333333333333333,37,0.6666666666666667,2,1.0,-0.5209830551768864,19658,2,0,14,0.0,0.0,1,0.34975071374797573,2,0.6666666666666667,0.32522751910309133,7,6,7,False,True,False,True,False,True,False,False,False,False,False,False,False,False,False,False,True,False,True,False
1.979376322216091,0,1117,1.0867925984129432,1.0,597,0.0,83,0.6666666666666667,4,0.3333333333333333,2.195344028582586,9873,3,0,23,1.0,1.0,0,3.3067578734926766,2,0.6666666666666667,0.48850772848886465,9,7,7,False,True,False,True,True,False,False,False,False,False,False,False,True,False,False,False,False,False,False,True
0.4463504035345031,0,267,0.09963874367159682,0.25,599,1.0,56,0.6666666666666667,2,1.0,-0.057992073049861176,13430,7,0,14,0.0,1.0,0,0.6068817711170802,3,0.6666666666666667,1.141628566031958,3,1,10,False,False,False,True,True,False,False,False,False,True,False,False,False,False,False,False,True,False,False,True
-0.2106607044718917,0,619,-1.0109093429124179,0.5,600,0.3333333333333333,85,0.6666666666666667,2,0.6666666666666667,-0.37947227312245835,18659,9,0,11,0.0,0.6666666666666667,0,0.4783162424325279,2,0.6666666666666667,0.651787937874638,9,6,9,False,True,False,True,False,True,False,False,False,True,False,False,False,False,False,False,True,False,True,False
0.33684855220010396,0,302,-0.3939381836990763,0.5,601,0.3333333333333333,75,0.6666666666666667,4,0.6666666666666667,1.430845839645901,20364,7,0,15,0.0,0.6666666666666667,0,1.3782749432243935,3,0.6666666666666667,2.1213098223465976,6,5,13,False,True,True,False,True,False,False,False,False,False,False,False,False,True,False,False,False,False,False,True
0.22734670086570485,0,443,-0.14714972001373974,0.0,602,0.6666666666666667,48,0.6666666666666667,1,0.6666666666666667,-0.5838767360899656,17872,1,0,11,0.0,0.0,1,-0.42164245835933756,3,0.6666666666666667,0.16194730971731802,3,0,7,True,False,True,False,True,False,False,False,False,False,False,True,False,False,False,False,False,False,True,False
-0.6486681098094882,0,828,-0.8875151110697495,0.0,604,0.3333333333333333,77,0.6666666666666667,2,1.0,0.016800412360287006,8346,4,1,13,0.0,0.6666666666666667,0,-0.16451140099023315,2,1.0,-0.16461310905422863,5,0,5,False,True,False,True,True,False,False,False,False,True,False,False,False,False,False,False,True,False,False,True
0.5558522548689022,0,319,1.827157989468953,0.5,605,1.0,56,0.6666666666666667,3,0.0,0.19188282138858842,6950,1,1,21,1.0,1.0,1,-0.16451140099023315,5,0.3333333333333333,0.48850772848886465,9,5,8,False,True,True,False,False,False,True,False,False,True,False,False,False,True,False,False,False,False,True,False
0.8843578088720997,0,561,-0.8875151110697495,0.5,606,1.0,61,0.6666666666666667,2,0.3333333333333333,-0.3607741517699213,16177,0,0,19,0.0,0.3333333333333333,1,-0.2930769296747854,3,1.0,0.16194730971731802,7,3,7,False,True,False,True,False,False,False,True,False,True,False,False,False,False,False,False,True,False,True,False
-1.1961773664814839,1,426,0.9633983665702748,0.75,608,0.3333333333333333,58,0.6666666666666667,1,0.6666666666666667,-0.7993300889476084,22808,0,1,11,0.0,0.3333333333333333,1,-0.42164245835933756,2,0.3333333333333333,-0.0013328996684553085,7,1,0,True,False,False,False,True,False,False,False,False,False,True,False,False,False,False,False,False,False,False,False
-0.8676718124782865,0,232,1.2101868302556114,0.5,611,1.0,34,0.6666666666666667,2,1.0,-0.4761500596611442,22645,4,0,12,0.0,0.3333333333333333,2,-0.42164245835933756,2,1.0,-0.6544537372115486,2,1,2,False,True,True,False,False,False,False,False,True,True,False,False,False,True,False,False,False,False,False,False
-0.42966440714069,0,922,-1.0109093429124179,1.0,612,0.0,95,1.0,4,0.6666666666666667,2.0570204263041587,22578,4,0,19,0.0,0.6666666666666667,1,-0.16451140099023315,2,0.6666666666666667,-0.16461310905422863,1,0,5,False,True,True,False,False,False,True,False,False,False,False,False,False,False,True,False,False,False,False,False
-0.6486681098094882,0,688,-0.270543951856408,0.5,613,0.6666666666666667,44,0.3333333333333333,3,1.0,1.0738817047338303,25291,9,0,21,1.0,0.6666666666666667,1,-0.16451140099023315,3,0.3333333333333333,-0.32789331844000197,4,0,1,False,True,False,True,True,False,False,False,False,True,False,False,True,False,False,False,False,False,False,False
-2.072192177156677,1,1306,-0.5173324155417446,0.5,614,0.3333333333333333,69,0.6666666666666667,1,0.3333333333333333,-0.9826991653935114,8059,1,1,14,0.0,1.0,0,-1.4501666878357553,3,0.6666666666666667,-1.1442943653688686,0,0,0,True,False,False,True,False,True,False,False,False,True,False,False,False,False,False,False,False,True,False,True
0.33684855220010396,0,1094,2.320734916839626,0.5,615,0.6666666666666667,58,0.0,3,0.0,0.9410825474004705,11373,3,0,15,0.0,0.6666666666666667,1,1.121143885855289,2,0.6666666666666667,-0.9810141559830953,0,0,1,False,False,False,True,False,False,False,True,False,True,False,False,False,False,False,False,True,False,False,False
0.4463504035345031,0,509,-0.8875151110697495,0.75,616,0.0,62,0.3333333333333333,2,0.6666666666666667,0.06545802360722999,2112,2,1,17,0.0,0.0,0,-0.16451140099023315,3,0.6666666666666667,0.16194730971731802,7,0,7,False,False,True,False,False,False,False,True,False,False,False,False,False,False,False,False,False,False,False,True
-1.1961773664814839,0,775,2.4441291486822943,0.25,618,0.0,45,0.6666666666666667,2,0.6666666666666667,-0.46680099898487565,4267,5,0,12,0.0,0.0,2,-0.42164245835933756,5,0.6666666666666667,-1.1442943653688686,0,0,0,False,True,False,True,False,False,True,False,False,True,False,False,False,False,False,False,True,False,False,False
-0.2106607044718917,0,195,-1.0109093429124179,0.5,620,0.0,80,0.6666666666666667,2,0.6666666666666667,-0.349300304576319,6698,1,0,16,0.0,1.0,0,-0.8073390444129942,3,0.6666666666666667,-0.32789331844000197,4,0,3,False,True,False,True,False,False,True,False,False,False,False,False,False,False,False,False,True,False,False,True
-0.3201625558062908,0,258,1.456975293940948,0.75,621,1.0,74,1.0,2,1.0,-0.2477355090477655,19921,1,0,12,0.0,1.0,0,-0.16451140099023315,3,0.6666666666666667,0.48850772848886465,7,5,7,False,True,False,True,True,False,False,False,False,True,False,False,False,False,False,False,True,False,False,True
-1.1961773664814839,1,471,1.827157989468953,0.5,622,0.6666666666666667,66,0.0,1,1.0,-0.8845340282926919,23213,1,1,18,0.0,0.3333333333333333,0,-1.3216011591512031,3,0.0,-0.9810141559830953,0,0,0,False,True,True,False,False,False,False,False,True,True,False,True,False,False,False,False,False,False,False,True
0.008342998196906572,0,799,-1.0109093429124179,0.5,623,0.3333333333333333,59,0.6666666666666667,3,1.0,0.20994350678592535,23848,4,0,17,0.0,1.0,0,0.09261965637887129,3,1.0,-0.16461310905422863,5,1,2,False,True,True,False,False,False,False,False,True,False,False,False,False,True,False,False,False,False,False,True
0.9938596602064987,0,1034,1.0867925984129432,0.0,624,0.0,86,0.6666666666666667,3,0.6666666666666667,0.8550286934484534,8984,5,0,11,0.0,1.0,0,2.1496681153317065,3,0.3333333333333333,-0.8177339465973219,2,1,2,True,False,True,False,False,False,True,False,False,False,False,False,False,False,False,False,False,False,True,False
0.4463504035345031,0,1276,-0.8875151110697495,1.0,625,0.3333333333333333,91,0.6666666666666667,4,0.0,2.144349152166576,5626,7,0,16,0.0,0.3333333333333333,1,1.3782749432243935,2,0.6666666666666667,1.794749403575051,16,11,8,False,True,False,True,True,False,False,False,False,False,False,False,True,False,False,False,False,False,True,False
0.008342998196906572,0,142,-0.02375548817107146,0.75,626,0.0,69,0.6666666666666667,3,0.3333333333333333,0.49530233606384866,24666,1,0,13,0.0,1.0,1,-0.2930769296747854,6,0.6666666666666667,0.32522751910309133,5,7,7,False,False,False,True,False,False,True,False,False,True,False,False,False,False,False,False,True,False,False,False
1.6508707682128936,0,956,-0.3939381836990763,0.25,630,1.0,78,0.6666666666666667,2,0.0,-0.1967406326317554,22087,3,1,12,0.0,0.3333333333333333,2,0.8640128284861845,3,0.6666666666666667,0.48850772848886465,9,6,9,False,True,True,False,False,False,False,False,True,True,False,False,False,False,False,True,False,False,False,False
-0.5391662584750891,1,1474,0.2230329755142651,0.75,631,1.0,60,1.0,2,0.6666666666666667,-0.38159705963979207,23914,8,0,12,0.0,1.0,0,-0.678773515728442,2,0.6666666666666667,-0.4911735278257753,2,1,2,False,False,False,True,False,False,False,True,False,True,False,False,False,False,False,False,True,False,True,False
-1.4151810691502822,0,535,1.827157989468953,0.5,632,1.0,38,0.6666666666666667,1,1.0,-0.8717853091886894,5530,0,0,13,0.0,0.6666666666666667,2,-1.0644701017820986,3,0.6666666666666667,-0.8177339465973219,2,2,1,True,False,False,True,False,False,True,False,False,True,False,False,False,False,False,False,False,True,True,False
0.11784484953130571,0,1495,0.09963874367159682,0.5,634,0.6666666666666667,76,0.6666666666666667,2,0.6666666666666667,0.7056562012798904,22174,3,0,19,0.0,0.6666666666666667,1,0.8640128284861845,4,0.6666666666666667,-0.9810141559830953,0,0,0,False,True,True,False,False,False,True,False,False,False,False,False,False,False,False,False,False,False,True,False
0.008342998196906572,0,446,-1.0109093429124179,0.75,635,0.3333333333333333,65,0.6666666666666667,2,0.3333333333333333,-0.011884205623718688,15701,6,0,12,0.0,0.3333333333333333,1,-0.42164245835933756,2,0.3333333333333333,-0.16461310905422863,5,4,3,False,True,True,False,True,False,False,False,False,False,False,False,False,True,False,False,False,False,True,False
1.3223652142096962,0,1245,1.0867925984129432,0.75,638,1.0,58,0.3333333333333333,5,0.6666666666666667,2.7620245927554987,2125,1,1,17,0.0,0.6666666666666667,1,2.535364701385363,5,0.6666666666666667,3.9173921255901045,9,0,9,False,True,True,False,True,False,False,False,False,True,False,False,False,False,True,False,False,False,False,False
-1.4151810691502822,0,691,1.7037637576262845,0.5,639,0.3333333333333333,89,1.0,1,1.0,-0.8027297473753423,21630,1,1,11,0.0,0.3333333333333333,2,-0.678773515728442,3,0.6666666666666667,-0.16461310905422863,5,1,4,False,True,True,False,False,False,True,False,False,True,False,False,False,False,False,True,False,False,True,False
-1.1961773664814839,0,703,2.320734916839626,0.25,641,0.0,66,0.6666666666666667,2,0.3333333333333333,-0.049067969677059405,7428,1,0,20,1.0,1.0,2,-0.678773515728442,5,1.0,-0.32789331844000197,3,1,4,False,True,False,True,False,True,False,False,False,True,False,False,False,False,False,False,True,False,True,False
-1.4151810691502822,0,823,0.9633983665702748,0.25,643,1.0,94,0.3333333333333333,1,0.3333333333333333,-0.9297919811119009,9100,1,0,21,1.0,1.0,1,-1.3216011591512031,2,0.6666666666666667,-0.9810141559830953,0,0,0,False,True,True,False,False,False,False,True,False,True,False,True,False,False,False,False,False,False,True,False
1.4318670655440953,0,1246,-0.7641208792270812,0.5,644,0.0,99,0.6666666666666667,5,0.3333333333333333,2.4853773881986436,7999,1,0,11,0.0,0.6666666666666667,1,2.6639302300699153,2,0.6666666666666667,4.080672334975878,5,10,7,True,False,False,False,False,False,True,False,False,True,False,False,True,False,False,False,False,False,True,False
-1.3056792178158831,0,622,0.4698214391996017,0.0,645,0.3333333333333333,40,0.6666666666666667,1,0.6666666666666667,-0.9363788193156355,26376,1,0,11,0.0,0.6666666666666667,0,-0.5502079870438897,1,0.6666666666666667,-0.0013328996684553085,4,0,6,False,True,False,True,False,False,True,False,False,True,False,False,False,False,False,False,False,True,True,False
-1.4151810691502822,1,1287,-0.270543951856408,0.5,647,0.0,55,0.6666666666666667,1,0.6666666666666667,-0.7685206844462689,14168,1,1,16,0.0,1.0,1,-0.678773515728442,4,0.6666666666666667,-0.16461310905422863,3,1,2,True,False,True,False,True,False,False,False,False,False,False,True,False,False,False,False,False,False,True,False
-0.7581699611438873,1,448,0.3464272073569334,0.75,648,0.3333333333333333,74,0.3333333333333333,1,0.0,-0.9497649743748382,14470,1,0,18,0.0,0.6666666666666667,1,-1.3216011591512031,2,1.0,-0.9810141559830953,0,0,0,True,False,False,True,True,False,False,False,False,True,False,False,False,False,False,False,False,True,True,False
-0.3201625558062908,0,254,-1.0109093429124179,0.25,649,0.3333333333333333,83,0.3333333333333333,1,1.0,-0.6121363967705045,22794,1,1,13,0.0,1.0,1,-0.678773515728442,3,0.6666666666666667,-0.16461310905422863,5,1,3,False,True,True,False,True,False,False,False,False,True,False,False,False,False,False,True,False,False,True,False
-0.6486681098094882,1,1365,0.4698214391996017,0.75,650,0.3333333333333333,46,0.6666666666666667,2,0.0,-0.4823119405614121,11512,2,0,17,0.0,0.6666666666666667,0,-0.2930769296747854,2,0.0,-0.6544537372115486,1,1,2,False,True,False,True,False,False,True,False,False,True,False,False,False,False,False,False,True,False,False,False
-0.2106607044718917,0,538,1.950552221311621,0.25,652,0.0,54,0.3333333333333333,2,1.0,-0.5996001563182354,14004,4,0,14,0.0,1.0,0,-0.2930769296747854,3,0.6666666666666667,-0.6544537372115486,2,0,2,False,True,True,False,False,False,False,True,False,True,False,True,False,False,False,False,False,False,False,True
-0.6486681098094882,0,525,-0.3939381836990763,0.75,653,0.0,66,1.0,2,1.0,-0.2216006348845603,6219,4,0,22,1.0,1.0,2,0.2211851850634235,4,1.0,-0.0013328996684553085,7,5,7,False,True,False,True,False,False,True,False,False,True,False,False,False,False,False,False,True,False,False,False
-1.0866755151470848,0,798,-0.3939381836990763,0.75,655,0.0,66,0.3333333333333333,1,0.6666666666666667,-0.9170432620078983,5013,0,0,12,0.0,0.6666666666666667,2,-0.678773515728442,5,0.3333333333333333,-0.32789331844000197,3,0,3,False,True,True,False,False,False,True,False,False,False,False,False,False,False,False,True,False,False,False,False
0.008342998196906572,0,558,-0.8875151110697495,0.5,656,1.0,75,0.6666666666666667,2,0.6666666666666667,0.658485940595081,3010,4,1,11,0.0,0.6666666666666667,1,0.7354472998016324,3,0.3333333333333333,-0.6544537372115486,0,1,0,False,True,False,True,False,True,False,False,False,True,False,False,False,False,False,False,True,False,True,False
-1.8531884744878788,0,959,-1.0109093429124179,0.5,657,1.0,83,0.3333333333333333,1,0.3333333333333333,-0.7791446170329377,11757,1,0,13,0.0,1.0,0,-1.3216011591512031,0,1.0,-0.9810141559830953,0,0,0,False,True,True,False,True,False,False,False,False,False,False,False,False,False,False,True,False,False,False,True
0.5558522548689022,0,622,-0.8875151110697495,0.75,659,0.6666666666666667,81,0.6666666666666667,2,1.0,-0.5129088664110182,5718,1,0,13,0.0,0.3333333333333333,2,-0.16451140099023315,4,0.6666666666666667,0.48850772848886465,2,2,2,False,True,True,False,True,False,False,False,False,False,False,False,False,False,False,False,False,False,True,False
0.6653541062033014,0,782,-0.3939381836990763,0.75,661,0.3333333333333333,50,0.3333333333333333,4,1.0,2.151148469022044,2671,4,1,14,0.0,0.6666666666666667,1,1.2497094145398413,3,0.3333333333333333,-0.9810141559830953,0,0,0,False,True,True,False,False,False,False,True,False,True,False,False,False,False,True,False,False,False,False,False
0.11784484953130571,0,362,-1.0109093429124179,0.0,662,0.6666666666666667,43,0.6666666666666667,1,0.0,-0.8252524844590802,14561,3,0,17,0.0,1.0,0,-0.42164245835933756,3,0.3333333333333333,-1.1442943653688686,0,0,0,False,True,True,False,True,False,False,False,False,False,False,False,False,False,False,True,False,False,False,True
0.6653541062033014,0,1001,-0.02375548817107146,1.0,663,1.0,72,0.6666666666666667,2,0.6666666666666667,-0.17506781015495107,19627,3,1,13,0.0,0.3333333333333333,1,-0.16451140099023315,3,0.6666666666666667,0.16194730971731802,7,4,7,True,False,True,False,False,False,True,False,False,True,False,True,False,False,False,False,False,False,False,False
1.2128633628752972,0,1236,-1.0109093429124179,0.75,664,1.0,40,0.3333333333333333,4,0.0,1.890862120648659,17997,7,0,11,0.0,0.0,1,1.2497094145398413,3,0.0,-0.6544537372115486,2,0,2,False,True,True,False,True,False,False,False,False,False,False,False,True,False,False,False,False,False,True,False
0.7748559575377005,0,1112,-1.0109093429124179,0.75,665,0.0,50,0.3333333333333333,2,0.6666666666666667,-0.11004934272453817,26894,4,0,11,0.0,0.3333333333333333,0,-0.16451140099023315,1,1.0,-0.8177339465973219,2,0,2,False,True,False,False,True,False,False,False,False,False,True,False,False,False,False,False,False,False,False,True
-0.3201625558062908,0,204,0.59321567104227,0.5,666,0.6666666666666667,31,0.6666666666666667,1,0.6666666666666667,-0.8337516305284152,2912,1,1,18,0.0,1.0,2,-0.42164245835933756,3,0.6666666666666667,0.16194730971731802,2,0,6,False,True,False,True,False,False,False,False,True,False,False,False,False,False,False,False,False,True,False,False
-1.0866755151470848,1,1420,-0.8875151110697495,0.0,667,0.6666666666666667,85,0.6666666666666667,1,0.0,-0.7355864934275956,16346,0,0,11,0.0,0.3333333333333333,1,-0.8073390444129942,3,0.6666666666666667,-0.4911735278257753,3,0,2,False,True,False,True,False,True,False,False,False,True,False,False,False,False,False,False,False,True,False,False
-1.7436866231534796,0,1343,1.5803695257836163,0.0,669,0.6666666666666667,49,0.6666666666666667,1,0.6666666666666667,-0.6493201608238452,24444,1,0,11,0.0,0.6666666666666667,0,-1.0644701017820986,2,0.6666666666666667,-0.6544537372115486,2,1,2,False,True,False,True,False,False,False,False,True,True,False,False,False,False,False,False,False,True,False,True
0.7748559575377005,0,1315,-0.7641208792270812,0.75,671,1.0,35,0.6666666666666667,5,1.0,2.7643618579245657,9358,4,1,12,0.0,0.0,1,1.8925370579626022,2,1.0,-0.8177339465973219,2,0,1,False,True,True,False,False,False,False,True,False,True,False,False,True,False,False,False,False,False,True,False
-1.6341847718190805,0,604,-0.3939381836990763,0.0,675,0.0,69,0.6666666666666667,1,0.6666666666666667,-0.7925307720921403,12145,0,0,20,1.0,1.0,0,-1.0644701017820986,3,0.6666666666666667,-0.8177339465973219,2,2,2,False,True,True,False,False,False,True,False,False,True,False,False,False,False,False,True,False,False,True,False
-0.42966440714069,0,1216,-0.14714972001373974,0.75,677,0.6666666666666667,39,0.6666666666666667,2,0.6666666666666667,0.12771426856510903,20431,0,0,12,0.0,1.0,0,-0.678773515728442,3,0.6666666666666667,-0.32789331844000197,0,1,2,False,True,False,True,False,True,False,False,False,True,False,False,False,False,False,False,True,False,False,False
-0.5391662584750891,0,646,-0.02375548817107146,0.75,679,0.0,92,0.6666666666666667,2,1.0,-0.038444037090390626,18089,1,1,12,0.0,1.0,1,-0.678773515728442,2,0.3333333333333333,-0.16461310905422863,4,0,5,False,True,True,False,True,False,False,False,False,False,False,False,False,False,False,True,False,False,True,False
-0.7581699611438873,0,160,-0.7641208792270812,0.5,680,0.6666666666666667,71,0.6666666666666667,1,0.6666666666666667,-0.9391410417881694,22653,1,0,20,1.0,0.6666666666666667,1,-1.3216011591512031,2,0.6666666666666667,-0.9810141559830953,0,0,0,True,False,True,False,False,False,True,False,False,False,False,False,False,False,False,True,False,False,False,False
1.7603726195472926,0,238,-1.0109093429124179,0.0,682,1.0,34,0.6666666666666667,2,0.0,0.39904950682862955,7507,7,0,20,1.0,1.0,0,0.8640128284861845,2,1.0,1.141628566031958,7,8,10,False,True,False,True,False,False,True,False,False,False,False,False,False,False,False,False,True,False,False,True
-0.3201625558062908,0,1397,-1.0109093429124179,1.0,683,0.3333333333333333,42,0.6666666666666667,1,1.0,-0.8099540215342771,7660,1,0,12,0.0,1.0,1,-0.16451140099023315,4,0.3333333333333333,0.48850772848886465,9,8,8,False,True,True,False,True,False,False,False,False,True,False,False,False,False,False,True,False,False,True,False
0.8843578088720997,1,306,2.0739464531542895,0.75,684,0.0,100,0.6666666666666667,2,0.0,-0.47105057201954315,5630,2,0,14,0.0,1.0,2,-0.8073390444129942,4,0.6666666666666667,-0.9810141559830953,1,0,0,True,False,False,True,True,False,False,False,False,False,False,False,False,False,False,False,True,False,True,False
-1.1961773664814839,0,991,-0.3939381836990763,0.5,686,0.6666666666666667,71,0.6666666666666667,1,1.0,-0.8167533383897452,17759,1,1,13,0.0,0.6666666666666667,1,-1.0644701017820986,2,0.6666666666666667,-0.6544537372115486,2,0,2,False,True,True,False,True,False,False,False,False,False,False,True,False,False,False,False,False,False,True,False
0.008342998196906572,0,482,-0.7641208792270812,0.5,689,0.6666666666666667,36,0.6666666666666667,3,0.6666666666666667,0.6227895271038739,9606,1,0,15,0.0,0.6666666666666667,1,-0.16451140099023315,2,0.6666666666666667,0.48850772848886465,7,7,8,False,True,True,False,False,False,False,True,False,True,False,False,False,True,False,False,False,False,True,False
-0.8676718124782865,0,1176,-0.7641208792270812,0.25,690,0.3333333333333333,62,0.6666666666666667,2,0.6666666666666667,-0.20014029105948938,3487,1,0,14,0.0,0.0,1,-0.678773515728442,5,0.3333333333333333,-0.16461310905422863,0,1,2,False,True,False,True,False,False,True,False,False,False,False,False,False,False,False,False,True,False,True,False
-0.2106607044718917,0,1017,-0.3939381836990763,0.75,691,0.3333333333333333,82,0.0,2,1.0,0.03039904607122304,19368,1,0,13,0.0,0.3333333333333333,0,0.7354472998016324,3,0.6666666666666667,1.6314691941892778,11,11,8,False,True,True,False,True,False,False,False,False,True,False,False,False,False,False,True,False,False,False,True
-0.42966440714069,0,1296,-0.3939381836990763,0.5,692,0.6666666666666667,30,0.6666666666666667,2,1.0,0.2596635112915352,5335,3,0,23,1.0,0.6666666666666667,1,0.4783162424325279,2,0.0,0.9783483566461847,11,4,7,True,False,True,False,True,False,False,False,False,True,False,False,False,False,False,False,False,False,False,False
1.869874470881692,0,397,1.2101868302556114,0.75,698,0.6666666666666667,88,0.6666666666666667,3,0.3333333333333333,0.8970994664916617,6729,2,0,15,0.0,0.6666666666666667,1,0.6068817711170802,1,1.0,0.32522751910309133,7,7,1,False,True,False,False,False,False,True,False,False,True,True,False,False,False,False,False,False,False,True,False
-0.10115885313749257,0,913,-0.02375548817107146,0.25,699,0.3333333333333333,48,0.3333333333333333,2,0.3333333333333333,0.49806455853638254,13934,2,1,11,0.0,0.6666666666666667,1,0.2211851850634235,2,0.6666666666666667,-0.6544537372115486,2,0,2,False,True,True,False,False,False,True,False,False,True,False,False,False,True,False,False,False,False,False,False
-1.0866755151470848,0,1115,-0.7641208792270812,0.75,700,0.0,54,0.3333333333333333,1,1.0,-0.9472152305540377,15174,0,0,13,0.0,1.0,0,-0.8073390444129942,0,0.6666666666666667,-0.4911735278257753,2,1,1,False,True,True,False,False,False,True,False,False,True,False,False,False,False,False,True,False,False,False,True
-1.8531884744878788,1,1362,0.09963874367159682,0.0,701,1.0,32,0.6666666666666667,1,0.6666666666666667,-1.1673431137498147,26999,1,1,11,0.0,1.0,0,-1.3216011591512031,5,0.6666666666666667,-0.9810141559830953,0,1,1,False,True,True,False,False,False,True,False,False,True,False,False,False,False,False,True,False,False,False,True
-0.42966440714069,1,1076,-0.7641208792270812,0.5,702,0.0,70,0.6666666666666667,1,0.0,-0.6703555473454494,3164,1,1,11,0.0,0.0,0,-0.16451140099023315,3,0.6666666666666667,0.48850772848886465,8,9,7,True,False,True,False,True,False,False,False,False,True,False,False,False,False,False,True,False,False,False,True
-0.2106607044718917,0,727,-0.7641208792270812,0.5,704,0.6666666666666667,41,0.3333333333333333,1,0.6666666666666667,-1.1095489204783366,16900,1,0,18,0.0,0.6666666666666667,2,-1.3216011591512031,3,0.6666666666666667,-0.9810141559830953,0,0,0,False,False,True,False,True,False,False,False,False,True,False,True,False,False,False,False,False,False,True,False
-1.5246829204846812,0,885,-0.6407266473844129,0.5,705,0.0,58,1.0,1,0.0,-0.7827567541124051,8544,2,0,16,0.0,0.0,1,-0.8073390444129942,3,1.0,-0.6544537372115486,2,0,2,False,True,True,False,False,False,True,False,False,True,False,False,False,False,False,True,False,False,True,False
-1.3056792178158831,0,810,-0.14714972001373974,0.5,707,1.0,57,1.0,2,0.3333333333333333,-0.351000133790186,15678,0,0,22,1.0,0.6666666666666667,1,-0.9359045730975464,4,0.6666666666666667,-0.6544537372115486,2,1,2,False,True,False,True,True,False,False,False,False,True,False,False,False,False,False,False,True,False,True,False
0.11784484953130571,0,243,-0.270543951856408,0.75,709,1.0,46,0.3333333333333333,2,1.0,-0.5258700641667541,7791,0,0,20,1.0,0.0,0,-0.42164245835933756,2,0.6666666666666667,-0.0013328996684553085,7,0,5,False,True,False,True,False,True,False,False,False,False,False,False,False,False,False,False,True,False,False,True
-0.8676718124782865,0,806,-1.0109093429124179,0.75,710,0.3333333333333333,76,0.0,1,1.0,-0.8037921406340092,18959,1,0,18,0.0,1.0,1,-0.16451140099023315,5,0.6666666666666667,0.48850772848886465,7,2,8,True,False,True,False,True,False,False,False,False,True,False,False,False,False,False,True,False,False,False,False
1.2128633628752972,0,817,-0.8875151110697495,0.0,712,0.3333333333333333,56,1.0,2,0.3333333333333333,0.34359257872621857,18597,3,0,12,0.0,1.0,0,0.09261965637887129,3,0.6666666666666667,-0.8177339465973219,2,2,2,False,True,False,True,False,True,False,False,False,True,False,False,False,False,False,False,True,False,True,False
-1.0866755151470848,0,1410,-0.7641208792270812,0.0,714,1.0,71,1.0,2,1.0,-0.3943457787437946,16673,1,1,20,1.0,0.3333333333333333,2,-0.678773515728442,3,0.6666666666666667,-0.16461310905422863,5,0,4,True,False,False,True,False,False,True,False,False,False,False,False,False,False,False,False,True,False,False,False
0.008342998196906572,0,1225,0.09963874367159682,0.25,715,1.0,80,1.0,1,1.0,-0.38733398323659324,15232,3,0,17,0.0,0.0,0,-0.9359045730975464,2,0.6666666666666667,-0.9810141559830953,0,0,0,False,True,True,False,True,False,False,False,False,True,False,False,False,False,False,True,False,False,False,True
1.4318670655440953,0,1207,2.320734916839626,0.0,716,1.0,74,1.0,1,0.6666666666666667,-0.6973403361155881,3297,1,1,11,0.0,0.6666666666666667,3,1.121143885855289,3,0.6666666666666667,2.1213098223465976,8,3,8,False,True,True,False,False,False,True,False,False,True,False,True,False,False,False,False,False,False,True,False
-0.3201625558062908,0,1442,-0.02375548817107146,0.5,717,1.0,46,0.3333333333333333,3,0.3333333333333333,0.4500443832446397,17654,1,0,14,0.0,0.3333333333333333,0,-0.2930769296747854,3,1.0,0.16194730971731802,7,7,7,False,True,True,False,False,False,True,False,False,False,False,False,False,False,False,False,False,False,False,True
-1.4151810691502822,1,693,-0.7641208792270812,0.25,720,0.0,65,0.6666666666666667,2,0.6666666666666667,-0.4092192843651309,24785,9,0,14,0.0,0.0,0,-0.9359045730975464,3,0.6666666666666667,-0.8177339465973219,2,2,0,False,True,False,True,True,False,False,False,False,False,False,False,False,False,False,False,True,False,False,True
0.22734670086570485,0,408,-0.8875151110697495,0.75,721,1.0,80,0.3333333333333333,2,0.6666666666666667,-0.4143187720067319,20978,1,0,11,0.0,0.0,0,1.121143885855289,4,0.6666666666666667,2.1213098223465976,7,11,10,False,True,True,False,False,False,False,False,True,False,False,False,False,False,False,False,False,False,False,True
-0.5391662584750891,0,929,0.09963874367159682,0.5,722,1.0,55,0.6666666666666667,2,1.0,-0.23519926859549636,21703,1,0,12,0.0,1.0,0,-0.16451140099023315,2,0.3333333333333333,0.48850772848886465,7,0,8,False,True,False,True,False,True,False,False,False,True,False,False,False,False,False,False,True,False,False,True
1.4318670655440953,1,562,-0.14714972001373974,0.25,723,0.3333333333333333,50,0.6666666666666667,2,0.6666666666666667,0.06227084383122937,23452,3,1,14,0.0,0.0,1,0.8640128284861845,4,0.6666666666666667,-0.4911735278257753,3,1,3,True,False,False,True,False,False,False,False,True,True,False,False,False,False,False,False,True,False,True,False
0.11784484953130571,0,827,-1.0109093429124179,0.75,724,0.3333333333333333,33,1.0,2,1.0,0.23841564611819765,19383,0,0,13,0.0,0.6666666666666667,0,-0.16451140099023315,4,0.3333333333333333,0.32522751910309133,7,1,8,False,True,True,False,True,False,False,False,False,False,False,False,False,False,False,False,False,False,False,True
-1.0866755151470848,0,608,-1.0109093429124179,0.25,725,0.6666666666666667,68,0.6666666666666667,3,0.0,0.1931576932989887,6009,1,0,11,0.0,1.0,0,-0.2930769296747854,3,0.6666666666666667,0.32522751910309133,7,0,7,False,True,True,False,True,False,False,False,False,False,False,False,False,True,False,False,False,False,True,False
-0.5391662584750891,0,1018,-0.7641208792270812,0.25,727,0.6666666666666667,39,0.6666666666666667,3,1.0,0.9893152013439467,19373,3,0,15,0.0,1.0,0,-0.16451140099023315,6,0.6666666666666667,-0.0013328996684553085,7,7,7,False,True,True,False,True,False,False,False,False,False,False,False,False,False,True,False,False,False,False,True
1.103361511540898,0,703,0.59321567104227,0.75,728,1.0,42,0.6666666666666667,2,0.0,-0.32783996075124805,11825,2,0,12,0.0,1.0,0,1.121143885855289,2,0.6666666666666667,-0.0013328996684553085,7,1,7,False,True,False,True,False,True,False,False,False,True,False,False,False,False,False,False,True,False,False,True
0.33684855220010396,0,580,-0.5173324155417446,0.75,729,1.0,48,0.3333333333333333,3,0.0,0.8439798035583179,23772,5,1,21,1.0,0.6666666666666667,1,1.121143885855289,2,0.6666666666666667,1.794749403575051,13,1,12,True,False,False,True,True,False,False,False,False,True,False,False,False,False,False,False,True,False,True,False
1.7603726195472926,0,970,-0.270543951856408,0.5,730,0.6666666666666667,59,1.0,4,0.6666666666666667,1.7659246734294343,13514,3,0,19,0.0,0.6666666666666667,0,2.6639302300699153,3,0.6666666666666667,-0.32789331844000197,1,1,3,False,True,True,False,True,False,False,False,False,True,False,False,False,False,True,False,False,False,True,False
0.4463504035345031,0,427,0.09963874367159682,0.75,731,0.3333333333333333,73,0.3333333333333333,5,1.0,2.68531979947975,8861,3,0,15,0.0,0.3333333333333333,3,1.5068404719089457,2,0.3333333333333333,2.284590031732371,6,12,6,False,True,False,False,False,False,False,False,False,True,False,False,True,False,False,False,False,False,False,False
2.526885578888087,0,1179,0.8400041347276065,0.75,732,0.0,84,0.6666666666666667,2,0.0,-0.23328696072989596,11924,8,0,14,0.0,1.0,0,-0.16451140099023315,1,0.6666666666666667,-0.8177339465973219,2,2,2,False,True,False,True,False,True,False,False,False,True,False,False,False,False,False,False,True,False,False,True
-1.0866755151470848,0,294,0.09963874367159682,0.25,733,1.0,32,0.6666666666666667,3,0.0,0.48659071134278026,4809,1,0,21,1.0,0.6666666666666667,2,-0.2930769296747854,4,0.3333333333333333,0.32522751910309133,7,1,7,True,False,True,False,True,False,False,False,False,True,False,False,False,True,False,False,False,False,False,False
0.4463504035345031,0,314,-1.0109093429124179,0.5,734,1.0,59,0.3333333333333333,5,0.6666666666666667,2.695518774762952,19562,1,0,12,0.0,0.3333333333333333,1,1.3782749432243935,3,0.6666666666666667,2.4478702411181446,7,2,10,False,True,False,False,False,False,False,False,False,True,False,False,True,False,False,False,False,False,True,False
1.4318670655440953,0,316,-0.14714972001373974,0.75,738,1.0,54,0.6666666666666667,1,0.3333333333333333,-0.5583792978819605,9983,7,0,15,0.0,1.0,1,-0.9359045730975464,2,0.6666666666666667,-0.8177339465973219,2,2,2,False,True,False,True,False,True,False,False,False,True,False,False,False,False,False,False,False,True,True,False
-0.9771736638126857,1,654,-1.0109093429124179,0.25,741,0.0,67,0.0,1,0.3333333333333333,-0.9108813811076305,3872,7,1,13,0.0,1.0,0,-0.16451140099023315,4,0.6666666666666667,-0.0013328996684553085,7,3,7,False,True,True,False,True,False,False,False,False,False,False,False,False,False,False,True,False,False,False,True
-0.10115885313749257,0,427,-0.14714972001373974,0.5,742,0.0,63,1.0,3,0.0,1.1070283744042368,20335,9,0,14,0.0,0.0,1,-0.16451140099023315,2,0.6666666666666667,0.16194730971731802,7,0,5,False,False,True,False,True,False,False,False,False,False,False,False,False,False,True,False,False,False,True,False
0.11784484953130571,0,168,-1.0109093429124179,0.5,743,0.6666666666666667,81,0.6666666666666667,3,0.6666666666666667,0.2885606079272743,15397,4,1,14,0.0,1.0,0,-0.16451140099023315,4,1.0,-0.9810141559830953,0,0,0,False,True,True,False,True,False,False,False,False,False,False,False,False,True,False,False,False,False,False,True
0.7748559575377005,0,381,1.827157989468953,0.5,744,0.0,49,0.0,1,0.6666666666666667,-0.5938632327214343,2104,2,0,14,0.0,0.6666666666666667,0,-0.2930769296747854,5,0.6666666666666667,-0.32789331844000197,2,1,4,False,False,True,False,False,False,True,False,False,True,False,True,False,False,False,False,False,False,False,True
1.103361511540898,0,217,-0.7641208792270812,0.5,746,1.0,49,0.6666666666666667,4,0.6666666666666667,1.54409696101979,10225,9,1,12,0.0,1.0,2,2.1496681153317065,2,0.3333333333333333,2.4478702411181446,2,11,13,True,False,False,True,False,False,True,False,False,False,False,False,False,False,False,False,True,False,False,False
-0.7581699611438873,0,501,2.197340684996958,1.0,747,0.6666666666666667,99,0.6666666666666667,2,1.0,-0.2547473045549669,25275,7,0,23,1.0,1.0,1,-0.16451140099023315,2,0.3333333333333333,0.16194730971731802,7,7,7,False,True,False,True,False,True,False,False,False,True,False,False,False,False,False,False,True,False,False,False
-0.8676718124782865,0,1396,0.09963874367159682,0.5,749,0.6666666666666667,99,0.6666666666666667,1,0.6666666666666667,-0.8203654754692125,2755,1,0,11,0.0,0.6666666666666667,0,-1.3216011591512031,6,0.6666666666666667,-0.9810141559830953,0,0,0,False,True,False,True,True,False,False,False,False,True,False,False,False,False,False,False,False,True,False,True
0.5558522548689022,1,933,1.2101868302556114,0.5,752,0.6666666666666667,57,1.0,1,0.6666666666666667,-0.7955054732164076,20366,6,1,12,0.0,1.0,0,-0.5502079870438897,2,0.6666666666666667,-0.8177339465973219,2,2,2,True,False,True,False,False,False,True,False,False,True,False,False,False,False,False,True,False,False,False,False
0.6653541062033014,0,775,0.7166099028849382,0.5,754,1.0,47,0.3333333333333333,2,1.0,0.06397067304509638,23683,3,0,18,0.0,0.6666666666666667,1,-0.5502079870438897,5,0.6666666666666667,-0.8177339465973219,2,2,2,True,False,False,True,True,False,False,False,False,True,False,False,False,False,False,False,True,False,True,False
-0.3201625558062908,0,970,-0.14714972001373974,0.25,757,0.3333333333333333,96,0.6666666666666667,2,0.6666666666666667,-0.07669019440239822,7360,3,0,11,0.0,1.0,0,-0.16451140099023315,2,0.6666666666666667,-0.32789331844000197,1,4,3,False,True,True,False,False,False,True,False,False,False,False,False,False,False,False,False,False,False,False,True
-1.5246829204846812,0,650,-0.02375548817107146,0.0,758,0.3333333333333333,37,0.6666666666666667,1,0.0,-0.8505374440153518,4344,1,0,14,0.0,1.0,1,-0.8073390444129942,2,1.0,-0.4911735278257753,3,0,2,False,True,True,False,False,False,True,False,False,True,False,True,False,False,False,False,False,False,True,False
0.22734670086570485,0,141,-0.7641208792270812,0.5,760,0.6666666666666667,44,1.0,2,0.3333333333333333,-0.024207967424254465,18767,9,0,15,0.0,0.6666666666666667,1,0.09261965637887129,3,0.0,0.16194730971731802,3,3,6,False,True,False,False,False,False,False,False,False,False,True,False,False,False,False,False,False,False,True,False
2.08887817355049,0,832,-0.02375548817107146,0.5,762,0.6666666666666667,81,0.6666666666666667,4,1.0,0.9774163968468776,20420,7,0,11,0.0,0.6666666666666667,0,2.406799172700811,1,0.3333333333333333,0.48850772848886465,7,1,1,False,True,True,False,False,False,True,False,False,True,False,False,False,False,False,False,False,False,True,False
0.33684855220010396,0,804,-0.8875151110697495,0.0,763,1.0,86,0.3333333333333333,1,1.0,-0.8841090709892252,22929,0,1,20,1.0,1.0,0,-0.8073390444129942,2,0.3333333333333333,-0.4911735278257753,2,2,3,False,True,True,False,False,False,True,False,False,False,False,False,False,False,False,True,False,False,False,True
-1.0866755151470848,0,975,-0.270543951856408,0.5,764,1.0,55,0.3333333333333333,2,0.0,0.06545802360722999,23398,8,0,19,0.0,0.0,0,-0.2930769296747854,2,0.0,-0.0013328996684553085,6,0,7,False,True,True,False,False,False,True,False,False,False,False,False,False,False,False,False,False,False,False,True
-0.8676718124782865,0,1090,0.09963874367159682,0.5,766,1.0,83,0.6666666666666667,1,0.3333333333333333,-0.893670610317227,17967,1,0,14,0.0,1.0,2,-1.193035630466651,2,0.6666666666666667,-0.8177339465973219,2,2,2,False,True,False,True,False,True,False,False,False,True,False,False,False,False,False,False,False,True,False,False
1.7603726195472926,0,346,-0.3939381836990763,0.5,769,1.0,86,0.6666666666666667,2,1.0,-0.8611613766020206,10919,2,0,17,0.0,1.0,0,0.9925783571707368,4,0.6666666666666667,-0.8177339465973219,2,2,2,False,True,True,False,True,False,False,False,False,True,False,True,False,False,False,False,False,False,False,True
-0.2106607044718917,0,1225,-0.8875151110697495,0.75,771,1.0,61,0.6666666666666667,2,0.0,-0.2995803000707091,4761,2,0,11,0.0,0.0,1,0.6068817711170802,2,1.0,-0.9810141559830953,0,0,0,False,False,True,False,True,False,False,False,False,False,False,False,False,False,False,False,False,False,False,False
-0.5391662584750891,0,430,1.827157989468953,0.75,772,0.0,80,0.6666666666666667,2,1.0,-0.2536849112963,21146,1,0,15,0.0,1.0,2,-0.16451140099023315,2,0.6666666666666667,0.48850772848886465,8,4,7,True,False,True,False,True,False,False,False,False,True,False,True,False,False,False,False,False,False,True,False
0.11784484953130571,0,268,-0.8875151110697495,1.0,773,1.0,92,0.6666666666666667,1,0.6666666666666667,-0.7321868349998617,20471,6,1,13,0.0,0.3333333333333333,1,-0.678773515728442,0,0.0,-0.9810141559830953,0,0,1,False,True,True,False,False,False,True,False,False,True,False,False,False,False,False,True,False,False,True,False
-0.3201625558062908,0,167,-0.14714972001373974,1.0,775,0.3333333333333333,32,0.6666666666666667,2,0.0,-0.2936308978221746,4187,3,0,14,0.0,0.6666666666666667,1,-0.5502079870438897,3,0.6666666666666667,-1.1442943653688686,0,0,0,False,True,True,False,True,False,False,False,False,False,False,False,False,True,False,False,False,False,False,False
1.6508707682128936,0,621,-0.7641208792270812,0.75,776,0.6666666666666667,31,0.3333333333333333,4,0.0,2.199806080268987,10084,1,0,11,0.0,0.0,0,2.9210612874390196,3,1.0,4.407232753747424,6,1,16,False,True,False,True,False,True,False,False,False,True,False,False,True,False,False,False,False,False,True,False
-0.42966440714069,1,527,-1.0109093429124179,0.75,780,1.0,63,0.6666666666666667,1,1.0,-0.811016414792944,5207,1,1,13,0.0,0.6666666666666667,0,-0.16451140099023315,2,0.3333333333333333,0.48850772848886465,9,7,8,False,True,True,False,False,False,False,True,False,True,False,False,False,False,False,True,False,False,False,True
-1.3056792178158831,0,883,2.0739464531542895,0.0,781,0.6666666666666667,32,0.6666666666666667,2,1.0,-0.06861600563652995,22807,1,0,23,1.0,0.3333333333333333,0,-0.678773515728442,5,0.3333333333333333,-0.16461310905422863,5,1,4,False,True,False,True,False,False,True,False,False,False,False,False,False,False,False,False,True,False,False,True
0.8843578088720997,0,954,-0.8875151110697495,0.25,783,0.3333333333333333,46,0.0,2,0.6666666666666667,0.027424344946955784,12388,0,0,13,0.0,0.0,0,-0.2930769296747854,3,0.6666666666666667,0.16194730971731802,7,3,1,False,True,False,True,False,False,False,False,True,True,False,False,False,False,False,False,False,True,False,True
-1.5246829204846812,0,310,0.09963874367159682,0.0,784,0.0,79,1.0,1,0.6666666666666667,-0.6369963990233094,19630,1,0,18,0.0,1.0,0,-1.193035630466651,3,0.6666666666666667,-0.8177339465973219,2,0,2,False,True,True,False,False,False,True,False,False,True,False,False,False,False,False,True,False,False,False,True
1.103361511540898,1,719,2.197340684996958,0.25,785,0.3333333333333333,77,1.0,2,0.6666666666666667,-0.02250813821038746,10339,4,1,12,0.0,1.0,0,-0.42164245835933756,2,0.6666666666666667,-0.32789331844000197,4,1,3,True,False,False,True,True,False,False,False,False,False,False,False,False,False,False,False,True,False,False,True
-0.3201625558062908,0,304,-0.8875151110697495,0.5,786,1.0,60,0.6666666666666667,2,1.0,-0.04864301237359265,18686,1,0,22,1.0,0.6666666666666667,0,-0.678773515728442,5,0.6666666666666667,-0.16461310905422863,5,1,4,False,True,False,True,False,False,False,True,False,True,False,False,False,False,False,False,True,False,False,True
1.979376322216091,1,725,-0.8875151110697495,0.5,787,1.0,78,0.6666666666666667,5,0.0,2.837879471424314,21199,5,1,13,0.0,1.0,1,1.6354060005934978,2,0.6666666666666667,-0.32789331844000197,2,1,4,False,True,True,False,False,False,True,False,False,True,False,False,True,False,False,False,False,False,True,False
-0.10115885313749257,0,1434,-0.14714972001373974,0.75,789,0.0,76,0.3333333333333333,3,0.0,0.2303414573523294,14229,1,0,15,0.0,0.3333333333333333,0,-0.16451140099023315,1,0.6666666666666667,0.48850772848886465,7,0,9,False,False,False,True,True,False,False,False,False,True,False,False,False,False,False,False,True,False,False,True
1.6508707682128936,0,715,1.2101868302556114,0.75,791,1.0,41,0.6666666666666667,1,1.0,-0.47699997426807766,26589,0,0,18,0.0,0.0,1,-0.8073390444129942,3,0.6666666666666667,-0.4911735278257753,3,1,2,False,False,True,False,False,False,True,False,False,True,False,False,False,False,False,True,False,False,True,False
-1.1961773664814839,0,575,-1.0109093429124179,0.25,792,0.0,71,0.0,1,1.0,-0.45447723718433986,5288,3,0,14,0.0,0.0,1,-0.8073390444129942,2,0.6666666666666667,-0.8177339465973219,2,2,0,True,False,True,False,True,False,False,False,False,False,False,True,False,False,False,False,False,False,False,False
-0.8676718124782865,0,657,2.197340684996958,0.5,793,0.3333333333333333,66,0.6666666666666667,2,0.6666666666666667,-0.4606391180846078,25549,4,0,12,0.0,0.0,1,-0.03594587230568093,3,0.3333333333333333,0.16194730971731802,7,1,1,False,True,True,False,False,False,True,False,False,False,False,False,False,False,False,False,False,False,True,False
-1.1961773664814839,1,1146,-0.14714972001373974,0.5,796,1.0,38,0.3333333333333333,2,0.0,-0.25007277421683266,3064,6,0,17,0.0,0.6666666666666667,0,-0.678773515728442,2,0.3333333333333333,-0.4911735278257753,3,1,2,False,True,False,True,False,False,False,False,True,True,False,False,False,False,False,False,True,False,False,True
-0.3201625558062908,0,182,-1.0109093429124179,0.75,797,0.3333333333333333,72,1.0,1,1.0,-0.6848040956633189,13551,2,0,16,0.0,0.6666666666666667,0,-0.16451140099023315,2,0.6666666666666667,-0.4911735278257753,2,1,3,False,True,True,False,True,False,False,False,False,False,False,False,False,False,False,True,False,False,False,True
1.869874470881692,0,376,1.2101868302556114,0.75,799,1.0,95,0.6666666666666667,2,0.0,-0.21628866859122592,22670,9,1,11,0.0,0.3333333333333333,2,-0.2930769296747854,4,0.6666666666666667,-0.32789331844000197,3,1,4,False,True,True,False,False,False,True,False,False,False,False,False,False,True,False,False,False,False,False,False
-1.0866755151470848,0,829,-0.14714972001373974,0.0,800,0.6666666666666667,84,0.6666666666666667,2,1.0,-0.45915176752247416,24008,0,0,19,0.0,0.3333333333333333,1,-0.8073390444129942,3,0.6666666666666667,-0.4911735278257753,2,1,1,True,False,False,True,False,True,False,False,False,True,False,False,False,False,False,False,True,False,True,False
0.008342998196906572,0,571,0.09963874367159682,0.0,802,1.0,82,0.6666666666666667,1,0.0,-0.7906184642265399,19905,0,1,13,0.0,0.3333333333333333,2,-0.678773515728442,3,0.3333333333333333,-0.32789331844000197,3,4,3,False,True,True,False,True,False,False,False,False,False,False,False,False,False,False,True,False,False,False,False
0.11784484953130571,0,240,-0.8875151110697495,0.75,803,0.0,75,1.0,2,0.0,-0.11111173598320505,26085,6,1,12,0.0,1.0,0,0.7354472998016324,2,0.6666666666666667,1.3049087754177313,7,4,12,True,False,True,False,True,False,False,False,False,False,False,False,False,True,False,False,False,False,False,True
-0.3201625558062908,0,121,-0.8875151110697495,0.75,804,0.6666666666666667,86,0.3333333333333333,1,0.0,-0.4508651001048725,7530,1,0,11,0.0,0.6666666666666667,0,-0.678773515728442,3,0.6666666666666667,-0.16461310905422863,5,1,3,False,True,True,False,False,False,True,False,False,False,False,False,False,False,False,True,False,False,False,True
-0.2106607044718917,0,384,-0.14714972001373974,0.75,805,0.0,72,0.6666666666666667,1,1.0,-0.8352389810905488,20317,1,0,16,0.0,0.3333333333333333,1,-1.0644701017820986,1,0.3333333333333333,-0.6544537372115486,2,0,2,False,True,False,True,True,False,False,False,False,False,False,False,False,False,False,False,False,True,True,False
-0.7581699611438873,0,921,-1.0109093429124179,0.5,806,1.0,38,0.0,1,0.6666666666666667,-0.5673034012547623,24375,3,0,21,1.0,0.6666666666666667,2,-0.5502079870438897,2,0.6666666666666667,-0.8177339465973219,2,0,2,False,True,True,False,True,False,False,False,False,True,False,True,False,False,False,False,False,False,True,False
0.33684855220010396,0,791,-0.8875151110697495,0.25,807,0.6666666666666667,38,1.0,2,0.3333333333333333,-0.47997467539234495,9931,1,0,24,1.0,1.0,1,-0.42164245835933756,2,0.6666666666666667,0.16194730971731802,7,3,7,True,False,True,False,False,False,True,False,False,False,False,False,False,False,False,False,False,False,True,False
-0.3201625558062908,0,1111,-0.14714972001373974,0.25,808,0.6666666666666667,93,0.6666666666666667,2,0.0,-0.000622837081849785,13305,5,0,17,0.0,0.3333333333333333,1,-0.678773515728442,1,0.6666666666666667,-0.6544537372115486,2,1,2,False,True,False,True,True,False,False,False,False,False,False,False,False,False,False,False,True,False,True,False
0.5558522548689022,0,570,-0.14714972001373974,0.5,809,0.3333333333333333,66,0.6666666666666667,5,1.0,2.53424747809732,16225,1,0,13,0.0,0.3333333333333333,1,1.6354060005934978,4,0.3333333333333333,2.774430659889691,7,14,9,True,False,True,False,True,False,False,False,False,True,False,False,True,False,False,False,False,False,False,False
-1.5246829204846812,1,1243,-0.3939381836990763,0.5,811,0.6666666666666667,63,1.0,1,0.0,-1.0415557519236565,3445,1,1,21,1.0,0.6666666666666667,2,-1.3216011591512031,2,0.6666666666666667,-1.1442943653688686,0,0,0,False,True,True,False,True,False,False,False,False,True,False,True,False,False,False,False,False,False,True,False
-1.4151810691502822,0,1092,-0.02375548817107146,0.5,812,0.6666666666666667,60,0.3333333333333333,1,0.3333333333333333,-0.8093165855790769,26551,1,0,11,0.0,0.6666666666666667,3,-1.3216011591512031,4,0.6666666666666667,-0.9810141559830953,0,0,0,False,False,True,False,True,False,False,False,False,True,False,True,False,False,False,False,False,False,False,False
1.6508707682128936,0,1325,0.2230329755142651,0.75,813,1.0,82,0.6666666666666667,2,0.6666666666666667,-0.7126387990403912,21821,8,0,20,1.0,0.3333333333333333,1,-0.2930769296747854,3,0.6666666666666667,-0.32789331844000197,2,1,4,False,True,True,False,True,False,False,False,False,False,False,True,False,False,False,False,False,False,True,False
1.4318670655440953,0,691,-0.8875151110697495,0.5,815,0.6666666666666667,64,0.6666666666666667,4,0.6666666666666667,2.3661768645762202,6881,5,0,16,0.0,1.0,0,2.406799172700811,3,0.6666666666666667,-0.4911735278257753,3,0,3,False,True,True,False,False,False,True,False,False,True,False,False,False,False,True,False,False,False,True,False
-0.8676718124782865,1,805,-1.0109093429124179,0.25,816,0.3333333333333333,36,0.3333333333333333,1,0.0,-0.8889960799790928,6689,1,1,11,0.0,1.0,1,-1.3216011591512031,1,0.6666666666666667,-0.9810141559830953,0,0,0,False,True,True,False,True,False,False,False,False,False,False,True,False,False,False,False,False,False,True,False
-0.42966440714069,0,213,-0.270543951856408,0.5,817,0.6666666666666667,49,0.6666666666666667,3,0.6666666666666667,1.1023538440661025,25995,0,0,11,0.0,1.0,0,0.34975071374797573,3,1.0,0.9783483566461847,9,3,7,False,True,True,False,False,False,True,False,False,True,False,False,False,False,True,False,False,False,True,False
-0.42966440714069,1,118,0.8400041347276065,0.5,819,0.0,69,0.6666666666666667,2,0.0,-0.25049773152029936,26507,5,0,15,0.0,0.6666666666666667,0,-0.678773515728442,3,0.6666666666666667,-0.6544537372115486,2,0,2,False,True,False,True,False,True,False,False,False,False,False,False,False,False,False,False,True,False,False,True
1.103361511540898,0,202,-0.8875151110697495,0.25,820,0.6666666666666667,33,0.6666666666666667,4,1.0,2.177708300488716,12982,1,1,11,0.0,0.6666666666666667,1,1.8925370579626022,3,0.3333333333333333,3.1009910786612376,14,3,0,False,True,True,False,False,False,False,True,False,False,False,False,True,False,False,False,False,False,True,False
-0.10115885313749257,0,676,-1.0109093429124179,0.5,823,0.6666666666666667,35,0.6666666666666667,2,0.3333333333333333,-0.27089568208670345,23361,0,0,15,0.0,0.0,1,-0.16451140099023315,2,0.6666666666666667,0.32522751910309133,7,0,5,False,True,True,False,False,False,False,True,False,False,False,False,False,True,False,False,False,False,True,False
-0.8676718124782865,0,1252,1.7037637576262845,0.25,824,0.6666666666666667,81,1.0,1,0.6666666666666667,-0.8080417136686767,23779,1,0,24,1.0,0.6666666666666667,1,-0.16451140099023315,3,0.6666666666666667,0.48850772848886465,7,0,7,False,True,True,False,True,False,False,False,False,True,False,False,False,False,False,True,False,False,True,False
2.3078818762192883,1,286,-0.8875151110697495,0.75,825,1.0,31,0.6666666666666667,5,0.3333333333333333,2.7076300579117545,25761,7,1,12,0.0,1.0,0,3.692454459546333,2,0.6666666666666667,3.9173921255901045,15,13,8,False,True,True,False,True,False,False,False,False,True,False,False,False,False,True,False,False,False,False,True
-0.2106607044718917,0,1258,-1.0109093429124179,0.75,826,1.0,40,1.0,1,0.6666666666666667,-0.8492625721049516,13301,3,0,13,0.0,0.6666666666666667,0,-0.5502079870438897,0,0.6666666666666667,-0.8177339465973219,2,2,2,False,True,True,False,True,False,False,False,False,False,False,False,False,False,False,True,False,False,False,True
0.5558522548689022,0,932,-1.0109093429124179,0.25,827,1.0,43,0.3333333333333333,2,1.0,-0.09368848654106826,4051,9,1,13,0.0,1.0,1,-0.42164245835933756,4,0.6666666666666667,-0.4911735278257753,3,0,2,False,True,True,False,True,False,False,False,False,False,False,False,False,True,False,False,False,False,True,False
-0.9771736638126857,1,890,-0.8875151110697495,0.75,828,0.6666666666666667,46,0.6666666666666667,1,0.6666666666666667,-0.4506526214531391,16374,6,0,17,0.0,1.0,0,-0.8073390444129942,3,0.3333333333333333,-0.8177339465973219,2,2,1,False,True,True,False,False,False,True,False,False,True,False,False,False,False,False,True,False,False,False,True
-0.10115885313749257,0,1041,0.4698214391996017,0.5,829,0.6666666666666667,36,0.6666666666666667,1,0.3333333333333333,-0.9263923226841669,25527,4,0,13,0.0,0.3333333333333333,1,-0.42164245835933756,2,0.6666666666666667,-0.32789331844000197,2,0,4,False,True,False,False,False,False,False,False,False,True,True,False,False,False,False,False,False,False,True,False
-0.5391662584750891,0,859,-0.6407266473844129,0.5,830,0.6666666666666667,98,0.3333333333333333,2,0.6666666666666667,-0.0724406213677307,19124,1,0,12,0.0,0.6666666666666667,1,0.34975071374797573,3,0.6666666666666667,1.141628566031958,13,6,8,False,True,True,False,True,False,False,False,False,False,False,False,False,True,False,False,False,False,True,False
0.33684855220010396,0,720,0.8400041347276065,0.75,832,0.0,51,0.3333333333333333,2,0.6666666666666667,-0.2993678214189758,11983,6,0,14,0.0,1.0,0,-0.16451140099023315,6,0.6666666666666667,-0.9810141559830953,0,0,0,True,False,True,False,False,False,True,False,False,True,False,True,False,False,False,False,False,False,False,True
-0.7581699611438873,0,946,-0.8875151110697495,0.5,833,0.6666666666666667,52,0.3333333333333333,2,1.0,0.07948161462163278,20234,5,1,24,1.0,0.3333333333333333,0,0.09261965637887129,4,0.3333333333333333,-1.1442943653688686,0,0,0,False,True,True,False,False,False,True,False,False,False,False,False,False,True,False,False,False,False,False,True
0.8843578088720997,0,252,-0.8875151110697495,0.5,834,0.3333333333333333,95,0.3333333333333333,1,0.6666666666666667,-0.8985576193070947,6153,1,0,14,0.0,1.0,0,-1.3216011591512031,3,0.6666666666666667,-0.9810141559830953,0,0,0,False,True,True,False,True,False,False,False,False,False,False,False,False,False,False,True,False,False,False,True
0.5558522548689022,0,933,2.4441291486822943,0.5,836,0.3333333333333333,98,0.6666666666666667,2,0.3333333333333333,-0.4396037315630036,11806,1,0,13,0.0,1.0,1,-0.16451140099023315,3,0.3333333333333333,0.32522751910309133,8,7,8,False,True,True,False,True,False,False,False,False,True,False,False,False,True,False,False,False,False,True,False
0.11784484953130571,0,471,0.3464272073569334,0.5,837,0.0,45,0.3333333333333333,2,0.0,-0.0456683112493254,4284,2,0,15,0.0,0.6666666666666667,1,0.2211851850634235,3,0.3333333333333333,-0.4911735278257753,3,1,2,True,False,True,False,True,False,False,False,False,True,False,False,False,False,False,False,False,False,False,False
-0.3201625558062908,0,702,0.8400041347276065,0.75,838,0.6666666666666667,100,0.3333333333333333,1,1.0,-0.8392760754734829,8306,1,0,16,0.0,0.6666666666666667,0,-0.678773515728442,3,0.6666666666666667,-0.32789331844000197,2,1,3,True,False,True,False,True,False,False,False,False,False,False,False,False,False,False,True,False,False,False,True
1.3223652142096962,1,1184,0.2230329755142651,0.5,840,0.6666666666666667,43,0.6666666666666667,3,1.0,0.24457752701846555,5860,1,0,18,0.0,0.0,2,-0.2930769296747854,3,1.0,0.32522751910309133,8,7,7,False,True,False,True,False,True,False,False,False,False,False,False,False,False,False,False,True,False,True,False
1.979376322216091,1,436,-0.8875151110697495,0.0,842,0.6666666666666667,37,0.6666666666666667,2,1.0,-0.28534423040457296,21519,4,0,16,0.0,0.6666666666666667,0,0.09261965637887129,3,0.3333333333333333,0.32522751910309133,7,7,3,False,True,False,True,False,False,True,False,False,True,False,False,False,False,False,False,True,False,False,True
0.6653541062033014,0,589,0.59321567104227,0.25,843,0.3333333333333333,94,0.6666666666666667,4,0.0,2.2641871117442,5200,6,0,24,1.0,0.6666666666666667,1,1.3782749432243935,3,0.6666666666666667,-0.4911735278257753,1,1,0,False,True,True,False,True,False,False,False,False,True,False,False,False,False,True,False,False,False,True,False
-1.0866755151470848,0,269,-0.5173324155417446,0.0,844,0.6666666666666667,42,0.3333333333333333,3,1.0,1.3396924980522829,8842,1,1,16,0.0,0.3333333333333333,1,-0.2930769296747854,3,0.6666666666666667,0.32522751910309133,8,0,8,False,True,True,False,False,False,False,False,True,True,False,False,False,False,True,False,False,False,False,False
-0.2106607044718917,0,950,-0.270543951856408,0.5,845,0.6666666666666667,59,0.6666666666666667,3,0.6666666666666667,0.7900102260180405,18869,3,0,21,1.0,0.3333333333333333,0,0.7354472998016324,3,1.0,0.16194730971731802,5,1,6,False,True,True,False,False,False,False,True,False,True,False,False,False,True,False,False,False,False,False,True
-0.9771736638126857,0,760,-0.8875151110697495,0.75,846,0.3333333333333333,81,0.6666666666666667,2,0.3333333333333333,-0.36629859671498904,3698,1,1,20,1.0,0.0,0,-0.42164245835933756,2,0.6666666666666667,0.16194730971731802,7,7,5,False,True,False,True,False,True,False,False,False,False,False,False,False,False,False,False,True,False,True,False
-0.3201625558062908,0,829,-0.7641208792270812,0.25,847,0.6666666666666667,88,0.6666666666666667,1,1.0,-0.5877013518211663,2243,0,0,19,0.0,0.6666666666666667,1,-0.9359045730975464,1,0.0,-0.6544537372115486,2,0,2,False,True,False,False,False,False,False,False,False,True,True,False,False,False,False,False,False,False,True,False
-1.1961773664814839,1,887,-0.5173324155417446,0.25,848,0.6666666666666667,88,0.3333333333333333,1,0.6666666666666667,-0.8790095833476241,20898,1,1,14,0.0,0.0,1,-0.42164245835933756,2,0.6666666666666667,0.16194730971731802,7,1,7,True,False,True,False,False,False,True,False,False,False,False,False,False,False,False,True,False,False,True,False
-1.0866755151470848,0,443,-0.7641208792270812,0.5,850,1.0,50,0.6666666666666667,1,1.0,-1.019245493491652,16571,1,0,11,0.0,0.6666666666666667,3,-1.4501666878357553,6,0.3333333333333333,-1.1442943653688686,0,0,0,False,False,True,False,False,False,True,False,False,True,False,False,False,False,False,True,False,False,True,False
1.5413689168784945,0,1318,2.0739464531542895,0.75,851,0.0,66,0.6666666666666667,4,0.6666666666666667,2.083155300467364,5594,2,0,14,0.0,0.6666666666666667,1,2.2782336440162587,2,0.3333333333333333,2.1213098223465976,6,4,17,False,True,False,True,False,True,False,False,False,False,False,False,True,False,False,False,False,False,True,False
0.7748559575377005,0,625,-0.6407266473844129,0.5,852,1.0,50,0.6666666666666667,2,0.3333333333333333,-0.1210982326146737,5197,9,0,12,0.0,1.0,0,-0.16451140099023315,2,0.3333333333333333,-0.32789331844000197,2,2,3,False,True,True,False,False,False,True,False,False,True,False,False,False,False,False,False,False,False,False,True
-1.3056792178158831,0,180,-0.8875151110697495,0.0,854,0.0,65,1.0,1,0.0,-0.6542071698137129,21632,7,0,13,0.0,0.6666666666666667,0,-0.678773515728442,3,0.3333333333333333,-0.4911735278257753,3,0,1,False,True,True,False,False,False,True,False,False,True,False,False,False,False,False,True,False,False,False,True
-0.42966440714069,0,586,-1.0109093429124179,0.5,855,0.0,48,1.0,2,0.0,-0.5239577563011537,21816,1,0,22,1.0,0.0,1,-0.2930769296747854,5,0.6666666666666667,0.32522751910309133,8,0,8,False,True,False,True,False,False,True,False,False,True,False,False,False,False,False,False,True,False,False,False
-0.2106607044718917,0,1343,2.197340684996958,0.0,856,0.6666666666666667,53,0.3333333333333333,1,0.0,-0.8380012035630827,17852,1,0,11,0.0,1.0,0,-0.678773515728442,3,0.3333333333333333,-0.16461310905422863,5,1,1,False,True,True,False,False,False,True,False,False,False,False,False,False,False,False,True,False,False,False,True
-0.10115885313749257,0,928,-1.0109093429124179,0.25,857,0.3333333333333333,56,0.6666666666666667,2,1.0,-0.06415395395012906,2823,1,1,14,0.0,1.0,1,0.8640128284861845,1,0.3333333333333333,1.794749403575051,14,4,11,False,True,False,True,True,False,False,False,False,True,False,False,False,False,False,False,True,False,True,False
-0.5391662584750891,0,117,0.4698214391996017,0.75,859,0.3333333333333333,73,0.6666666666666667,2,1.0,-0.4461905697667382,9250,2,0,11,0.0,0.6666666666666667,1,-0.42164245835933756,3,0.3333333333333333,-0.32789331844000197,2,0,3,False,True,False,True,True,False,False,False,False,True,False,False,False,False,False,False,True,False,False,False
-0.7581699611438873,0,1012,-0.5173324155417446,0.75,861,0.3333333333333333,75,0.3333333333333333,1,1.0,-0.5826018641795653,2373,9,0,12,0.0,0.3333333333333333,1,-0.16451140099023315,3,0.3333333333333333,-0.32789331844000197,4,0,3,True,False,True,False,True,False,False,False,False,True,False,False,False,False,False,True,False,False,False,False
1.7603726195472926,0,661,-0.270543951856408,0.25,862,0.0,78,0.3333333333333333,3,1.0,0.9415075047039373,20715,7,1,18,0.0,1.0,1,3.049626816123572,3,0.6666666666666667,-0.32789331844000197,2,0,4,False,True,False,True,False,True,False,False,False,False,False,False,False,False,False,False,True,False,True,False
0.8843578088720997,0,930,-0.02375548817107146,0.5,864,1.0,74,0.6666666666666667,3,0.0,0.9047486979540633,19239,4,1,12,0.0,0.6666666666666667,1,0.8640128284861845,2,0.6666666666666667,-0.32789331844000197,4,0,2,False,True,False,True,False,True,False,False,False,True,False,False,False,False,False,False,True,False,False,False
-0.5391662584750891,0,638,-0.14714972001373974,0.25,865,0.6666666666666667,91,1.0,2,0.6666666666666667,-0.2821570506285723,22162,5,0,12,0.0,0.6666666666666667,1,-0.2930769296747854,3,0.3333333333333333,-0.32789331844000197,3,1,3,False,True,True,False,False,False,True,False,False,False,False,False,False,False,False,True,False,False,True,False
1.6508707682128936,0,890,1.950552221311621,0.75,867,0.6666666666666667,81,0.3333333333333333,4,1.0,1.5559957655168593,19028,3,0,22,1.0,0.6666666666666667,0,2.535364701385363,3,0.6666666666666667,0.32522751910309133,8,0,0,True,False,True,False,False,False,True,False,False,False,False,False,False,True,False,False,False,False,True,False
0.008342998196906572,0,342,0.8400041347276065,0.75,868,1.0,66,0.3333333333333333,2,0.6666666666666667,-0.03589429326959012,24558,4,0,19,0.0,1.0,2,-0.2930769296747854,2,0.6666666666666667,-0.9810141559830953,0,0,0,False,True,False,True,False,True,False,False,False,True,False,False,False,False,False,False,True,False,False,False
-0.9771736638126857,0,1169,-0.14714972001373974,0.25,869,0.3333333333333333,63,0.3333333333333333,1,1.0,-0.3329394483928491,23965,1,0,13,0.0,1.0,1,-0.678773515728442,6,0.6666666666666667,-0.32789331844000197,1,0,4,False,True,False,False,False,False,True,False,False,True,True,False,False,False,False,False,False,False,False,False
-1.6341847718190805,0,1230,-1.0109093429124179,0.25,872,1.0,33,0.3333333333333333,2,1.0,-0.36714851132192255,19146,6,0,22,1.0,0.0,2,-0.9359045730975464,2,0.0,-0.8177339465973219,2,2,2,False,True,True,False,True,False,False,False,False,True,False,False,False,True,False,False,False,False,True,False
0.7748559575377005,0,986,-0.14714972001373974,0.75,874,0.0,62,1.0,1,1.0,-0.7829692327641384,5044,2,1,24,1.0,0.6666666666666667,1,-0.16451140099023315,2,0.3333333333333333,-0.6544537372115486,2,0,2,False,True,True,False,True,False,False,False,False,True,False,True,False,False,False,False,False,False,True,False
0.5558522548689022,0,1271,-0.8875151110697495,0.0,875,0.3333333333333333,35,0.6666666666666667,1,1.0,-0.8473502642393512,9068,5,1,14,0.0,1.0,0,-0.42164245835933756,2,0.6666666666666667,-0.8177339465973219,1,2,2,True,False,True,False,False,False,True,False,False,True,False,False,False,False,False,True,False,False,False,True
-0.10115885313749257,0,1278,-0.14714972001373974,0.5,878,0.0,77,0.3333333333333333,1,0.0,-0.8841090709892252,8635,0,0,21,1.0,0.6666666666666667,0,-0.678773515728442,3,0.6666666666666667,-0.32789331844000197,4,0,3,False,True,False,False,True,False,False,False,False,True,True,False,False,False,False,False,False,False,True,False
-1.3056792178158831,0,141,-0.7641208792270812,0.0,879,0.6666666666666667,98,0.6666666666666667,2,0.0,-0.4905986079790137,14363,1,1,18,0.0,1.0,0,-0.8073390444129942,3,0.6666666666666667,-0.32789331844000197,3,0,3,False,True,False,True,False,False,False,True,False,True,False,False,False,False,False,False,True,False,True,False
-0.2106607044718917,0,607,-0.02375548817107146,0.5,880,1.0,66,0.3333333333333333,3,0.6666666666666667,0.8886003204223267,23457,1,1,20,1.0,0.3333333333333333,1,0.7354472998016324,2,0.6666666666666667,1.6314691941892778,14,5,15,False,True,True,False,True,False,False,False,False,False,False,False,False,True,False,False,False,False,True,False
-0.2106607044718917,1,130,1.950552221311621,0.75,881,1.0,96,0.6666666666666667,1,0.3333333333333333,-0.9521022395439054,16612,1,1,19,0.0,0.0,1,-0.16451140099023315,3,0.3333333333333333,0.48850772848886465,2,7,8,True,False,True,False,True,False,False,False,False,False,False,False,False,False,False,True,False,False,False,False
-0.5391662584750891,0,300,-1.0109093429124179,0.5,882,1.0,61,0.6666666666666667,1,1.0,-0.8900584732377597,9148,0,0,12,0.0,0.3333333333333333,1,-0.9359045730975464,2,0.6666666666666667,-0.6544537372115486,0,0,2,False,False,True,False,True,False,False,False,False,True,False,True,False,False,False,False,False,False,False,False
-1.3056792178158831,0,583,-0.6407266473844129,0.0,885,0.6666666666666667,87,0.3333333333333333,2,0.0,-0.4774249315715444,18154,1,0,12,0.0,0.0,0,-0.8073390444129942,1,1.0,-0.32789331844000197,2,0,3,False,True,False,True,False,True,False,False,False,True,False,False,False,False,False,False,True,False,True,False
1.3223652142096962,0,1418,-1.0109093429124179,0.5,887,0.6666666666666667,36,0.6666666666666667,1,0.0,-0.6210605001433063,10554,2,0,16,0.0,0.3333333333333333,1,-0.5502079870438897,2,0.6666666666666667,-0.4911735278257753,2,0,2,False,True,True,False,False,False,False,False,True,False,False,False,False,False,False,True,False,False,True,False
-1.4151810691502822,0,1269,-0.6407266473844129,0.0,888,0.0,46,0.3333333333333333,1,1.0,-0.7098765765678573,10778,0,0,17,0.0,1.0,0,-0.678773515728442,2,0.3333333333333333,-0.32789331844000197,2,3,4,False,False,True,False,True,False,False,False,False,True,False,True,False,False,False,False,False,False,True,False
-0.5391662584750891,0,379,-0.5173324155417446,0.25,889,0.3333333333333333,48,0.6666666666666667,2,0.3333333333333333,0.0044766505597512276,8891,1,0,14,0.0,1.0,1,-0.16451140099023315,3,0.6666666666666667,0.48850772848886465,8,5,3,True,False,False,True,True,False,False,False,False,True,False,False,False,False,False,False,True,False,True,False
0.11784484953130571,0,395,-0.02375548817107146,0.5,893,0.3333333333333333,98,0.3333333333333333,1,0.3333333333333333,-0.765758461973735,12102,0,0,19,0.0,1.0,1,-1.0644701017820986,3,0.6666666666666667,-0.8177339465973219,2,1,2,False,True,False,True,False,True,False,False,False,True,False,False,False,False,False,False,False,True,True,False
0.5558522548689022,0,1265,-0.7641208792270812,0.5,894,0.6666666666666667,95,1.0,2,1.0,-0.2702582461315033,23726,2,1,13,0.0,0.3333333333333333,1,0.7354472998016324,1,0.3333333333333333,-0.32789331844000197,3,1,3,False,True,True,False,True,False,False,False,False,False,False,True,False,False,False,False,False,False,True,False
-0.6486681098094882,0,1222,0.2230329755142651,0.75,895,1.0,48,0.6666666666666667,1,1.0,-0.8811343698649579,14871,3,1,19,0.0,0.3333333333333333,1,-0.42164245835933756,2,0.6666666666666667,-0.16461310905422863,4,0,2,False,True,True,False,True,False,False,False,False,True,False,False,False,False,False,True,False,False,True,False
-0.8676718124782865,1,341,-1.0109093429124179,0.5,896,0.3333333333333333,48,0.3333333333333333,1,0.6666666666666667,-0.7867938484953392,23522,6,1,19,0.0,0.6666666666666667,3,-0.8073390444129942,3,0.6666666666666667,-0.6544537372115486,2,0,2,False,True,False,True,False,False,True,False,False,False,False,False,False,False,False,False,False,True,False,False
1.7603726195472926,0,868,-0.14714972001373974,0.5,897,0.0,73,0.6666666666666667,4,1.0,1.1331632485674419,22789,5,0,14,0.0,0.6666666666666667,1,2.1496681153317065,3,0.6666666666666667,-0.8177339465973219,0,2,2,False,True,False,True,False,True,False,False,False,True,False,False,False,False,False,False,True,False,True,False
-0.2106607044718917,0,672,1.950552221311621,0.5,899,1.0,78,0.3333333333333333,3,0.3333333333333333,0.9349206665002026,9129,3,0,16,0.0,0.0,0,0.6068817711170802,2,0.6666666666666667,0.9783483566461847,10,4,8,False,True,True,False,False,False,False,False,True,True,False,False,False,True,False,False,False,False,True,False
0.008342998196906572,0,1231,1.456975293940948,0.25,900,0.6666666666666667,54,0.6666666666666667,1,1.0,-0.7500350417454652,21222,5,0,15,0.0,0.3333333333333333,1,-0.16451140099023315,3,0.6666666666666667,-0.32789331844000197,4,0,0,True,False,False,True,False,False,True,False,False,False,False,False,False,False,False,False,False,True,True,False
1.7603726195472926,0,102,1.7037637576262845,0.75,901,1.0,72,0.6666666666666667,4,1.0,1.6513986801451448,20206,6,0,18,0.0,0.6666666666666667,0,2.7924957587544674,0,0.6666666666666667,0.8150681472604113,9,3,8,False,True,True,False,True,False,False,False,False,False,False,False,False,False,True,False,False,False,False,True
0.6653541062033014,0,422,-1.0109093429124179,0.5,902,1.0,33,0.6666666666666667,2,1.0,-0.199927812407756,21782,4,0,13,0.0,0.3333333333333333,1,0.09261965637887129,2,0.3333333333333333,-0.32789331844000197,2,2,2,True,False,True,False,True,False,False,False,False,False,False,False,False,False,False,False,False,False,True,False
1.103361511540898,0,249,-0.8875151110697495,0.25,903,0.6666666666666667,35,0.6666666666666667,2,1.0,-0.41771843043446594,17783,0,1,22,1.0,0.0,1,-0.42164245835933756,2,0.6666666666666667,-0.0013328996684553085,6,7,7,False,True,False,True,False,True,False,False,False,False,False,False,False,False,False,False,True,False,True,False
0.008342998196906572,0,1252,1.2101868302556114,0.25,904,0.0,32,0.6666666666666667,3,0.3333333333333333,0.24202778319766505,4814,1,1,13,0.0,1.0,0,-0.16451140099023315,2,0.6666666666666667,0.48850772848886465,0,0,9,False,False,False,True,False,False,True,False,False,True,False,False,False,False,False,False,True,False,False,True
1.4318670655440953,0,881,-0.8875151110697495,0.75,905,0.0,98,0.6666666666666667,4,0.0,2.426733280320232,4544,1,0,11,0.0,1.0,1,2.535364701385363,3,0.6666666666666667,3.9173921255901045,6,14,7,False,False,True,False,True,False,False,False,False,True,False,False,True,False,False,False,False,False,False,False
0.22734670086570485,0,1383,-0.8875151110697495,0.5,909,1.0,42,0.3333333333333333,2,1.0,-0.27599516972830446,7790,8,0,11,0.0,0.6666666666666667,2,0.2211851850634235,2,0.6666666666666667,-0.32789331844000197,4,0,4,False,True,False,False,True,False,False,False,False,False,True,False,False,False,False,False,False,False,True,False
-0.42966440714069,0,1075,-0.7641208792270812,0.25,910,1.0,57,0.6666666666666667,1,0.3333333333333333,-0.8979201833518946,22650,3,1,11,0.0,0.6666666666666667,1,-0.5502079870438897,4,1.0,-0.4911735278257753,3,0,3,False,True,False,False,False,False,False,False,False,True,True,False,False,False,False,False,False,False,False,False
-0.5391662584750891,1,374,1.950552221311621,0.75,911,0.0,87,0.6666666666666667,1,1.0,-0.787856241754006,18016,1,1,24,1.0,0.6666666666666667,0,-1.3216011591512031,2,0.0,-0.9810141559830953,0,0,1,False,True,True,False,True,False,False,False,False,True,False,True,False,False,False,False,False,False,False,True
-0.8676718124782865,0,1086,-0.270543951856408,0.0,912,0.0,62,0.3333333333333333,1,1.0,-0.8437381271598838,6054,6,0,14,0.0,0.6666666666666667,3,-0.42164245835933756,5,0.6666666666666667,-0.4911735278257753,3,0,3,False,True,True,False,False,False,True,False,False,False,False,True,False,False,False,False,False,False,False,False
0.7748559575377005,0,661,-0.02375548817107146,0.25,913,0.3333333333333333,61,0.6666666666666667,1,0.0,-0.8380012035630827,7508,1,1,13,0.0,1.0,0,-0.42164245835933756,0,0.6666666666666667,0.16194730971731802,7,7,1,False,True,True,False,True,False,False,False,False,True,False,False,False,False,False,True,False,False,True,False
-0.9771736638126857,0,821,-0.5173324155417446,0.75,916,0.0,98,0.6666666666666667,2,1.0,-0.3388888506413836,24252,1,0,14,0.0,0.3333333333333333,0,-0.9359045730975464,3,0.6666666666666667,-0.4911735278257753,2,0,2,False,True,False,True,False,False,True,False,False,True,False,False,False,False,False,False,True,False,False,True
2.3078818762192883,1,781,-0.8875151110697495,0.0,918,1.0,57,0.3333333333333333,1,1.0,-0.8760348822233569,13384,9,1,14,0.0,1.0,1,-1.0644701017820986,3,0.3333333333333333,-0.9810141559830953,0,0,0,True,False,True,False,True,False,False,False,False,True,False,True,False,False,False,False,False,False,False,False
0.6653541062033014,0,177,-0.14714972001373974,0.5,920,0.0,55,0.6666666666666667,2,0.3333333333333333,-0.3692732978392563,23814,4,0,21,1.0,0.6666666666666667,1,-0.9359045730975464,2,1.0,-0.9810141559830953,0,0,0,False,True,True,False,True,False,False,False,False,False,False,False,False,True,False,False,False,False,False,False
-1.8531884744878788,1,500,-0.8875151110697495,0.5,922,0.6666666666666667,49,0.3333333333333333,1,0.6666666666666667,-0.947427709205771,22052,1,0,13,0.0,1.0,0,-1.193035630466651,3,0.3333333333333333,-0.8177339465973219,2,0,2,False,True,False,True,False,False,True,False,False,False,False,False,False,False,False,False,False,True,False,True
-1.7436866231534796,1,1427,1.0867925984129432,0.0,923,1.0,65,0.6666666666666667,1,1.0,-0.8095290642308104,8870,1,0,19,0.0,0.0,0,-1.3216011591512031,3,0.3333333333333333,-0.9810141559830953,0,0,0,False,True,True,False,False,False,False,True,False,False,False,False,False,False,False,True,False,False,False,True
-0.10115885313749257,0,1425,0.59321567104227,0.0,924,0.6666666666666667,68,0.6666666666666667,2,1.0,0.01765032696722051,4821,0,1,17,0.0,0.0,1,0.7354472998016324,2,0.3333333333333333,1.4681889848035046,8,4,11,False,True,True,False,True,False,False,False,False,True,False,False,False,False,False,False,False,False,True,False
1.103361511540898,0,1454,-0.8875151110697495,0.75,925,1.0,65,0.3333333333333333,1,1.0,-0.6818293945390517,13137,1,1,18,0.0,0.0,0,-1.0644701017820986,3,0.3333333333333333,-0.6544537372115486,2,1,2,False,True,False,True,True,False,False,False,False,False,False,False,False,False,False,False,False,True,False,True
-1.6341847718190805,1,617,-0.7641208792270812,0.0,926,0.3333333333333333,34,0.6666666666666667,2,0.6666666666666667,-0.4954856169688813,10022,0,1,19,0.0,0.0,1,-0.9359045730975464,3,1.0,-0.6544537372115486,2,0,2,False,True,True,False,True,False,False,False,False,False,False,False,False,True,False,False,False,False,True,False
0.4463504035345031,1,1085,-0.8875151110697495,0.75,927,0.3333333333333333,57,0.0,1,1.0,-0.7914683788334734,17725,4,1,13,0.0,0.6666666666666667,1,-0.16451140099023315,1,0.3333333333333333,-0.0013328996684553085,7,1,0,False,True,True,False,True,False,False,False,False,False,False,True,False,False,False,False,False,False,False,False
-0.9771736638126857,0,995,-0.02375548817107146,0.5,930,0.6666666666666667,77,0.6666666666666667,1,0.6666666666666667,-0.8766723181785571,9834,5,0,18,0.0,0.3333333333333333,1,-0.678773515728442,2,0.6666666666666667,-0.8177339465973219,2,2,2,False,True,True,False,False,False,True,False,False,False,False,False,False,False,False,True,False,False,False,False
0.22734670086570485,1,1122,-0.3939381836990763,0.5,932,1.0,70,0.6666666666666667,1,0.0,-0.8709353945817558,4303,7,1,21,1.0,1.0,0,-0.42164245835933756,2,0.0,-0.8177339465973219,2,2,2,False,True,True,False,False,False,True,False,False,True,False,True,False,False,False,False,False,False,True,False
-1.0866755151470848,0,618,-0.6407266473844129,0.5,933,0.3333333333333333,76,0.6666666666666667,1,0.6666666666666667,-0.8892085586308262,17808,1,0,19,0.0,0.6666666666666667,0,-1.3216011591512031,2,0.6666666666666667,-0.9810141559830953,1,0,0,False,True,True,False,True,False,False,False,False,False,False,False,False,False,False,True,False,False,False,True
-0.3201625558062908,0,546,0.09963874367159682,0.5,934,0.3333333333333333,83,0.6666666666666667,1,0.3333333333333333,-0.9550769406681726,6896,1,0,14,0.0,0.3333333333333333,2,-1.3216011591512031,3,0.6666666666666667,-0.9810141559830953,0,1,0,False,True,True,False,True,False,False,False,False,True,False,True,False,False,False,False,False,False,False,False
0.5558522548689022,0,462,0.59321567104227,0.25,936,0.6666666666666667,68,0.3333333333333333,2,0.6666666666666667,-0.055017371925593916,7824,7,0,17,0.0,0.0,0,-0.16451140099023315,6,0.6666666666666667,-0.32789331844000197,4,0,3,False,True,False,True,False,False,True,False,False,False,False,False,False,False,False,False,True,False,False,True
-0.42966440714069,0,1198,-1.0109093429124179,0.75,939,0.6666666666666667,100,0.3333333333333333,1,0.0,-0.7870063271470725,3339,3,1,11,0.0,0.3333333333333333,0,-0.678773515728442,1,0.6666666666666667,-0.6544537372115486,2,0,2,False,True,True,False,False,False,False,True,False,True,False,False,False,False,False,True,False,False,False,True
2.3078818762192883,0,1272,-0.5173324155417446,0.5,940,0.6666666666666667,37,0.3333333333333333,3,0.3333333333333333,0.8603406597417877,9255,2,1,13,0.0,1.0,1,1.6354060005934978,3,0.6666666666666667,-0.16461310905422863,0,0,4,False,True,True,False,False,False,False,False,True,False,False,False,False,False,False,False,False,False,False,False
-0.6486681098094882,0,154,-0.270543951856408,0.75,941,0.3333333333333333,41,0.3333333333333333,1,0.6666666666666667,-0.8868712934617591,11737,3,0,15,0.0,0.3333333333333333,0,0.2211851850634235,2,1.0,-0.0013328996684553085,7,5,2,False,True,False,True,True,False,False,False,False,True,False,False,False,False,False,False,False,True,True,False
-0.2106607044718917,0,1137,1.456975293940948,0.0,942,1.0,51,0.6666666666666667,2,1.0,-0.5288447652910213,19170,1,1,25,1.0,1.0,1,-0.16451140099023315,2,0.0,0.48850772848886465,6,0,7,False,True,True,False,True,False,False,False,False,False,False,False,False,False,False,False,False,False,True,False
1.3223652142096962,0,527,-0.14714972001373974,0.25,944,0.0,51,0.6666666666666667,3,0.3333333333333333,0.19124538543338832,22477,4,0,11,0.0,0.6666666666666667,1,2.2782336440162587,3,0.3333333333333333,3.1009910786612376,9,1,7,False,True,True,False,False,False,False,True,False,False,False,True,False,False,False,False,False,False,True,False
1.2128633628752972,0,1469,1.3335810620982798,0.75,945,1.0,51,0.6666666666666667,1,0.6666666666666667,-0.9017447990830953,5543,4,0,17,0.0,0.0,2,0.2211851850634235,2,0.3333333333333333,-1.1442943653688686,0,0,0,False,True,True,False,False,False,True,False,False,True,False,False,False,False,False,True,False,False,True,False
-0.6486681098094882,0,1188,1.3335810620982798,0.25,947,1.0,45,0.6666666666666667,2,0.6666666666666667,0.09116794046696844,24406,1,0,13,0.0,1.0,1,-0.2930769296747854,2,0.3333333333333333,0.32522751910309133,8,0,0,False,False,False,True,False,True,False,False,False,False,False,False,False,False,False,False,True,False,True,False
-0.10115885313749257,0,188,-0.270543951856408,0.75,949,0.3333333333333333,65,0.6666666666666667,1,1.0,-0.38775894054006,23293,2,0,18,0.0,0.6666666666666667,0,-0.42164245835933756,6,0.6666666666666667,-0.16461310905422863,2,0,1,False,True,True,False,False,False,False,True,False,True,False,False,False,False,False,True,False,False,False,True
0.11784484953130571,0,1333,-1.0109093429124179,0.5,950,1.0,80,0.6666666666666667,3,0.0,1.5041509744939157,16292,1,0,13,0.0,0.3333333333333333,1,0.4783162424325279,3,0.6666666666666667,1.3049087754177313,12,5,11,False,True,True,False,False,False,False,False,True,False,False,False,False,False,True,False,False,False,True,False
-0.5391662584750891,0,1184,-1.0109093429124179,0.5,951,0.6666666666666667,70,0.3333333333333333,1,0.3333333333333333,-0.8862338575065589,3974,6,0,20,1.0,0.6666666666666667,0,-0.8073390444129942,3,0.6666666666666667,-0.6544537372115486,0,0,2,False,False,True,False,True,False,False,False,False,False,False,True,False,False,False,False,False,False,True,False
-1.3056792178158831,1,867,1.2101868302556114,0.25,952,0.6666666666666667,36,0.3333333333333333,1,0.3333333333333333,-0.8690230867161555,18798,1,1,18,0.0,0.6666666666666667,3,-1.3216011591512031,2,0.6666666666666667,-0.9810141559830953,0,0,0,False,True,False,True,False,True,False,False,False,True,False,False,False,False,False,False,False,True,True,False
0.33684855220010396,0,658,0.09963874367159682,0.75,954,0.0,67,0.3333333333333333,3,0.3333333333333333,0.6803712417236187,20652,2,0,12,0.0,0.3333333333333333,1,-0.03594587230568093,2,0.3333333333333333,-0.9810141559830953,0,0,0,False,True,False,True,False,True,False,False,False,True,False,False,False,False,False,False,True,False,False,False
-1.1961773664814839,0,1283,-1.0109093429124179,0.5,956,0.6666666666666667,52,0.3333333333333333,2,0.0,-0.4693507428056762,11148,1,0,12,0.0,0.3333333333333333,0,-0.5502079870438897,2,0.6666666666666667,-0.0013328996684553085,7,0,7,True,False,False,True,False,False,True,False,False,True,False,False,False,False,False,False,True,False,False,True
0.4463504035345031,0,263,-0.3939381836990763,0.5,957,1.0,59,0.6666666666666667,1,0.0,-0.37862235851552484,3119,2,1,13,0.0,0.6666666666666667,0,1.121143885855289,3,0.6666666666666667,1.794749403575051,13,2,17,False,True,True,False,False,False,True,False,False,True,False,True,False,False,False,False,False,False,False,True
-0.10115885313749257,0,938,-0.8875151110697495,0.75,958,0.6666666666666667,79,0.6666666666666667,1,0.6666666666666667,-0.8465003496324177,12287,4,0,21,1.0,0.6666666666666667,0,0.6068817711170802,6,0.6666666666666667,0.651787937874638,8,3,9,False,True,True,False,False,False,True,False,False,True,False,True,False,False,False,False,False,False,False,True
-1.9626903258222779,1,419,1.456975293940948,0.5,959,1.0,37,0.3333333333333333,1,0.3333333333333333,-0.9310668530223012,9947,1,1,13,0.0,0.3333333333333333,0,-1.3216011591512031,3,1.0,-0.9810141559830953,0,0,0,False,True,False,True,False,False,False,True,False,True,False,False,False,False,False,False,False,True,False,True
-1.8531884744878788,1,129,-0.6407266473844129,0.5,960,0.0,84,0.6666666666666667,1,0.0,-0.7500350417454652,13008,1,0,19,0.0,0.3333333333333333,0,-1.3216011591512031,2,0.6666666666666667,-0.9810141559830953,0,0,0,False,True,True,False,False,False,False,False,True,True,False,True,False,False,False,False,False,False,False,True
-0.6486681098094882,0,616,0.3464272073569334,0.5,961,1.0,41,0.6666666666666667,2,1.0,-0.137671567449877,17369,0,1,11,0.0,0.6666666666666667,2,-0.16451140099023315,2,0.0,0.32522751910309133,7,8,5,False,True,True,False,False,False,True,False,False,False,False,False,False,False,False,False,False,False,True,False
0.33684855220010396,0,1469,-0.02375548817107146,0.75,964,1.0,35,0.6666666666666667,1,0.3333333333333333,-0.6131987900291714,25063,8,1,14,0.0,1.0,1,-1.0644701017820986,2,0.6666666666666667,-0.9810141559830953,1,0,0,True,False,True,False,False,False,True,False,False,True,False,False,False,False,False,True,False,False,False,False
-0.5391662584750891,0,498,-0.7641208792270812,0.75,966,0.6666666666666667,93,0.6666666666666667,2,0.0,0.04718485955815971,13554,1,0,12,0.0,0.6666666666666667,1,-0.42164245835933756,2,1.0,0.16194730971731802,7,6,3,False,True,True,False,False,False,True,False,False,False,False,False,False,True,False,False,False,False,True,False
-0.10115885313749257,1,530,-0.7641208792270812,0.0,967,0.6666666666666667,51,0.3333333333333333,3,1.0,0.8121080057983115,5518,1,1,11,0.0,0.0,1,0.6068817711170802,6,0.6666666666666667,1.4681889848035046,7,3,7,False,True,False,True,True,False,False,False,False,True,False,False,False,False,False,False,True,False,True,False
-0.42966440714069,0,1069,-1.0109093429124179,0.5,969,0.3333333333333333,42,0.3333333333333333,2,1.0,0.09478007754643582,12291,0,0,14,0.0,0.0,0,-0.678773515728442,3,0.6666666666666667,-0.32789331844000197,0,1,4,False,True,True,False,True,False,False,False,False,False,False,False,False,False,False,False,False,False,False,True
0.008342998196906572,1,625,-1.0109093429124179,0.75,970,0.0,46,0.3333333333333333,3,0.6666666666666667,0.8724519428905902,14922,5,0,11,0.0,0.6666666666666667,0,0.7354472998016324,2,0.0,1.141628566031958,1,11,7,False,True,False,True,True,False,False,False,False,True,False,False,False,False,False,False,True,False,True,False
0.8843578088720997,0,805,-0.6407266473844129,0.25,972,0.6666666666666667,57,0.6666666666666667,2,0.3333333333333333,-0.4368415090904697,23163,1,0,12,0.0,0.3333333333333333,0,-0.2930769296747854,5,0.3333333333333333,0.32522751910309133,7,0,8,False,False,True,False,True,False,False,False,False,True,False,True,False,False,False,False,False,False,True,False
-0.8676718124782865,0,1404,1.3335810620982798,0.5,974,0.6666666666666667,84,0.6666666666666667,1,1.0,-0.9234176215598996,18203,1,0,15,0.0,0.3333333333333333,1,-1.0644701017820986,5,0.6666666666666667,-0.6544537372115486,1,0,2,True,False,False,True,False,False,False,False,True,False,False,False,False,False,False,False,False,True,True,False
-0.2106607044718917,0,1219,1.0867925984129432,0.5,975,0.6666666666666667,86,0.6666666666666667,2,0.6666666666666667,-0.4041197967235299,6179,1,0,16,0.0,0.3333333333333333,0,-0.8073390444129942,3,0.6666666666666667,-0.32789331844000197,2,1,0,False,True,False,True,False,False,True,False,False,False,False,False,False,False,False,False,True,False,True,False
1.6508707682128936,0,1053,-1.0109093429124179,0.25,976,1.0,70,0.6666666666666667,4,1.0,2.251438392640197,13829,2,0,15,0.0,0.3333333333333333,1,1.8925370579626022,2,0.3333333333333333,0.32522751910309133,8,7,8,False,True,True,False,True,False,False,False,False,True,False,False,True,False,False,False,False,False,True,False
2.3078818762192883,1,289,-0.8875151110697495,0.5,977,1.0,51,0.6666666666666667,1,0.6666666666666667,-0.8549994957017527,26227,4,0,24,1.0,0.0,0,-0.5502079870438897,4,0.6666666666666667,-0.9810141559830953,0,0,0,False,True,True,False,False,False,False,False,True,True,False,False,False,False,False,True,False,False,False,True
1.7603726195472926,0,1376,-0.8875151110697495,0.25,981,0.6666666666666667,45,0.6666666666666667,4,0.6666666666666667,1.7739988621953025,13938,6,0,13,0.0,0.6666666666666667,1,1.3782749432243935,3,1.0,1.6314691941892778,13,15,2,False,True,False,True,False,False,True,False,False,True,False,False,True,False,False,False,False,False,False,False
-0.7581699611438873,0,231,-0.14714972001373974,0.25,982,0.6666666666666667,62,0.6666666666666667,3,0.6666666666666667,0.1617108528424491,9977,5,0,11,0.0,0.0,1,-0.16451140099023315,2,1.0,0.16194730971731802,4,7,7,False,True,False,True,False,False,False,True,False,True,False,False,False,False,False,False,True,False,False,False
0.11784484953130571,0,152,0.09963874367159682,0.5,983,0.6666666666666667,85,0.6666666666666667,2,1.0,-0.17783003262748495,19899,1,1,13,0.0,0.3333333333333333,0,-0.678773515728442,1,0.6666666666666667,-0.32789331844000197,3,1,3,False,False,False,True,False,False,False,False,True,False,False,False,False,False,False,False,True,False,False,True
-0.2106607044718917,0,882,-0.7641208792270812,0.75,984,1.0,92,0.6666666666666667,3,1.0,0.28048641916140604,6812,6,0,13,0.0,0.3333333333333333,1,0.09261965637887129,2,0.6666666666666667,0.48850772848886465,9,0,8,False,True,False,True,True,False,False,False,False,True,False,False,False,False,False,False,True,False,False,False
0.22734670086570485,0,903,-0.8875151110697495,1.0,985,0.0,41,1.0,3,0.6666666666666667,0.29259770231020843,2560,0,0,18,0.0,1.0,0,-0.2930769296747854,3,0.6666666666666667,0.16194730971731802,7,0,7,False,True,False,True,True,False,False,False,False,True,False,False,False,False,False,False,True,False,False,True
0.33684855220010396,1,1479,1.827157989468953,0.5,986,0.3333333333333333,100,1.0,4,0.3333333333333333,1.421709257621366,17071,4,1,16,0.0,1.0,0,1.3782749432243935,2,0.3333333333333333,-0.9810141559830953,0,0,0,False,False,False,True,True,False,False,False,False,False,False,False,False,False,False,False,True,False,False,True
1.103361511540898,0,1379,0.8400041347276065,0.75,987,0.6666666666666667,64,1.0,2,0.6666666666666667,-0.3051047450157769,6759,1,1,19,0.0,0.6666666666666667,0,1.121143885855289,3,1.0,1.9580296129608246,10,2,7,True,False,True,False,False,False,True,False,False,True,False,False,False,True,False,False,False,False,False,False
-0.10115885313749257,0,1229,-0.14714972001373974,0.75,990,0.0,84,0.6666666666666667,2,1.0,-0.3025550011949764,25952,4,0,13,0.0,1.0,2,0.09261965637887129,3,0.6666666666666667,-0.0013328996684553085,7,0,7,False,False,False,True,False,False,False,False,True,True,False,False,False,False,False,False,True,False,False,False
-0.6486681098094882,1,335,-0.02375548817107146,0.25,991,0.6666666666666667,46,0.3333333333333333,1,0.0,-0.8885711226756261,10322,0,1,22,1.0,0.0,0,-0.9359045730975464,0,0.6666666666666667,-0.6544537372115486,2,1,2,False,False,True,False,False,False,True,False,False,True,False,False,False,False,False,True,False,False,False,True
-0.42966440714069,0,722,0.9633983665702748,0.5,992,1.0,38,0.6666666666666667,4,0.6666666666666667,2.324743527488212,20489,1,0,11,0.0,1.0,0,-0.16451140099023315,2,0.6666666666666667,0.48850772848886465,8,6,0,False,False,False,True,True,False,False,False,False,True,False,False,True,False,False,False,False,False,False,True
-0.8676718124782865,1,906,0.09963874367159682,0.5,994,1.0,92,0.3333333333333333,1,0.0,-0.8709353945817558,11479,6,1,20,1.0,0.6666666666666667,0,-1.0644701017820986,5,0.6666666666666667,-1.1442943653688686,0,0,0,False,True,True,False,True,False,False,False,False,False,False,False,False,False,False,True,False,False,False,True
-0.42966440714069,0,461,0.4698214391996017,0.0,995,0.3333333333333333,53,0.6666666666666667,1,1.0,-0.6482577675651784,17241,3,0,18,0.0,0.0,0,-0.8073390444129942,4,0.6666666666666667,-0.6544537372115486,2,0,2,False,True,True,False,True,False,False,False,False,False,False,False,False,False,False,True,False,False,False,True
0.8843578088720997,0,974,-1.0109093429124179,0.75,996,1.0,91,0.6666666666666667,1,1.0,-0.8994075339140282,11005,3,0,14,0.0,1.0,2,-0.42164245835933756,2,0.6666666666666667,-0.32789331844000197,3,0,2,False,True,True,False,False,False,True,False,False,False,False,True,False,False,False,False,False,False,False,False
1.4318670655440953,0,1126,-1.0109093429124179,0.25,997,1.0,66,0.6666666666666667,4,1.0,2.31518198816021,6615,9,0,22,1.0,0.6666666666666667,1,2.6639302300699153,1,0.3333333333333333,-0.32789331844000197,4,1,3,False,True,True,False,False,False,True,False,False,True,False,False,False,False,True,False,False,False,False,False
-0.42966440714069,0,827,-1.0109093429124179,0.75,998,0.6666666666666667,84,1.0,2,0.3333333333333333,-0.2156512326360258,20161,1,1,13,0.0,0.0,1,-0.678773515728442,2,0.6666666666666667,-0.16461310905422863,5,1,2,True,False,True,False,False,False,False,True,False,False,False,False,False,False,False,False,False,False,True,False
0.4463504035345031,0,840,-0.02375548817107146,0.5,999,0.0,64,0.6666666666666667,5,0.6666666666666667,2.7443888646616283,3735,2,0,17,0.0,0.3333333333333333,1,1.2497094145398413,2,1.0,1.794749403575051,16,0,11,True,False,True,False,False,False,True,False,False,True,False,False,False,False,True,False,False,False,False,False
-1.0866755151470848,0,1134,0.8400041347276065,0.75,1001,0.6666666666666667,37,0.6666666666666667,1,0.3333333333333333,-0.7844565833262721,12086,9,0,14,0.0,0.3333333333333333,1,-0.9359045730975464,2,0.6666666666666667,-0.8177339465973219,2,2,2,False,True,True,False,False,False,False,False,True,False,False,True,False,False,False,False,False,False,True,False
0.8843578088720997,0,248,1.7037637576262845,0.25,1002,1.0,42,0.6666666666666667,2,0.0,-0.6097991316014374,14039,1,1,15,0.0,0.6666666666666667,1,-0.2930769296747854,2,0.6666666666666667,0.32522751910309133,8,0,8,False,False,True,False,True,False,False,False,False,True,False,True,False,False,False,False,False,False,True,False
1.103361511540898,0,955,-0.6407266473844129,0.25,1003,1.0,83,0.6666666666666667,2,1.0,-0.49718544618274835,8571,1,1,17,0.0,0.6666666666666667,0,-0.2930769296747854,0,0.6666666666666667,0.32522751910309133,0,0,7,False,True,False,True,True,False,False,False,False,False,False,False,False,False,False,False,True,False,False,True
-0.7581699611438873,1,138,1.5803695257836163,0.5,1004,0.0,48,0.6666666666666667,1,0.6666666666666667,-0.928729587853234,11539,4,1,11,0.0,0.3333333333333333,0,-0.5502079870438897,2,0.6666666666666667,-0.32789331844000197,2,0,1,False,True,True,False,True,False,False,False,False,False,False,False,False,False,False,True,False,False,True,False
1.4318670655440953,0,939,1.827157989468953,0.5,1005,1.0,95,0.6666666666666667,4,0.6666666666666667,1.5872301273216654,4161,3,1,18,0.0,1.0,1,1.3782749432243935,2,0.6666666666666667,0.8150681472604113,11,1,5,False,True,True,False,True,False,False,False,False,True,False,False,False,True,False,False,False,False,True,False
0.11784484953130571,0,1391,0.09963874367159682,0.0,1006,0.6666666666666667,66,0.6666666666666667,1,0.6666666666666667,-0.8114413720964108,12127,0,0,17,0.0,0.3333333333333333,1,-1.0644701017820986,0,0.3333333333333333,-0.8177339465973219,1,0,2,True,False,True,False,False,False,True,False,False,True,False,False,False,False,False,True,False,False,True,False
0.9938596602064987,0,566,-0.270543951856408,0.25,1007,1.0,75,0.6666666666666667,3,0.6666666666666667,0.9225969046996668,24208,6,0,13,0.0,0.3333333333333333,1,0.2211851850634235,3,0.6666666666666667,0.16194730971731802,7,0,7,False,True,True,False,False,False,True,False,False,True,False,False,False,True,False,False,False,False,False,False
-1.4151810691502822,0,1206,0.9633983665702748,0.0,1009,1.0,41,0.3333333333333333,2,0.6666666666666667,-0.451715014711806,24117,1,0,15,0.0,0.3333333333333333,2,-0.8073390444129942,6,0.6666666666666667,-0.4911735278257753,2,3,2,False,True,True,False,False,False,True,False,False,False,False,False,False,True,False,False,False,False,False,False
-0.2106607044718917,1,622,0.59321567104227,0.75,1010,0.6666666666666667,39,0.3333333333333333,1,0.3333333333333333,-0.586426479910766,10074,1,1,24,1.0,1.0,1,-0.8073390444129942,2,0.0,-0.4911735278257753,2,0,2,False,True,True,False,False,False,False,True,False,True,False,True,False,False,False,False,False,False,False,False
-0.6486681098094882,0,853,-1.0109093429124179,0.0,1011,0.6666666666666667,96,0.6666666666666667,2,0.0,-0.500372625958749,11275,1,0,12,0.0,0.6666666666666667,1,-0.9359045730975464,1,0.6666666666666667,-0.4911735278257753,3,0,3,True,False,True,False,True,False,False,False,False,False,False,False,False,True,False,False,False,False,True,False
-2.072192177156677,0,287,-0.5173324155417446,0.25,1012,0.3333333333333333,73,0.6666666666666667,1,1.0,-1.158419010377013,13493,1,0,15,0.0,1.0,0,-1.4501666878357553,2,0.6666666666666667,-1.1442943653688686,0,0,0,False,False,True,False,True,False,False,False,False,True,False,False,False,False,False,True,False,False,False,True
1.869874470881692,0,1441,0.9633983665702748,0.5,1013,0.6666666666666667,56,0.6666666666666667,3,0.6666666666666667,0.9000741676159291,13943,8,0,11,0.0,0.6666666666666667,1,1.3782749432243935,2,0.6666666666666667,0.48850772848886465,7,0,8,False,True,True,False,False,False,False,False,True,False,False,False,False,True,False,False,False,False,True,False
-0.2106607044718917,0,583,1.950552221311621,0.75,1014,0.6666666666666667,57,0.6666666666666667,3,0.6666666666666667,0.8254941608575143,6975,1,1,11,0.0,0.6666666666666667,1,0.6068817711170802,3,0.3333333333333333,1.4681889848035046,10,10,1,False,True,True,False,False,False,True,False,False,False,False,False,False,False,False,False,False,False,False,False
-0.7581699611438873,0,153,-0.14714972001373974,0.25,1015,0.3333333333333333,73,1.0,3,0.0,1.0439222148394243,17802,0,1,12,0.0,0.6666666666666667,3,-0.2930769296747854,4,0.3333333333333333,0.16194730971731802,7,1,7,False,True,True,False,True,False,False,False,False,False,False,False,False,False,True,False,False,False,True,False
-1.8531884744878788,1,1097,0.2230329755142651,0.5,1016,1.0,98,0.3333333333333333,1,0.0,-0.8292895788420143,18275,1,1,15,0.0,0.0,0,-1.3216011591512031,2,0.6666666666666667,-0.9810141559830953,0,0,0,False,True,True,False,False,False,True,False,False,False,False,False,False,False,False,True,False,False,False,True
-0.7581699611438873,1,109,-0.5173324155417446,0.5,1017,0.3333333333333333,60,0.6666666666666667,1,0.3333333333333333,-0.8671107788505551,25725,0,0,17,0.0,0.0,0,-0.9359045730975464,3,0.6666666666666667,-0.6544537372115486,2,1,2,True,False,True,False,False,False,True,False,False,False,False,True,False,False,False,False,False,False,False,True
-1.1961773664814839,0,1066,-0.8875151110697495,0.25,1018,1.0,32,1.0,2,1.0,-0.2190508910637598,3334,1,0,12,0.0,0.3333333333333333,0,-0.42164245835933756,2,0.6666666666666667,0.16194730971731802,7,1,3,False,True,True,False,False,False,True,False,False,True,False,False,False,True,False,False,False,False,True,False
-1.6341847718190805,0,217,-0.14714972001373974,0.0,1019,0.3333333333333333,94,0.0,1,0.0,-0.8609488979502873,6881,1,0,15,0.0,0.0,1,-0.9359045730975464,3,0.3333333333333333,-0.4911735278257753,3,1,1,False,True,True,False,True,False,False,False,False,True,False,True,False,False,False,False,False,False,True,False
1.2128633628752972,0,277,-0.3939381836990763,0.5,1022,0.0,97,0.3333333333333333,2,0.6666666666666667,-0.48082458999927846,13119,2,0,13,0.0,1.0,0,0.9925783571707368,0,0.6666666666666667,-0.8177339465973219,2,2,2,False,True,True,False,True,False,False,False,False,True,False,False,False,False,False,False,False,False,False,True
1.2128633628752972,0,1355,-0.6407266473844129,0.75,1024,0.6666666666666667,78,0.3333333333333333,3,0.6666666666666667,0.9553186170666066,22245,7,0,14,0.0,0.3333333333333333,0,2.0211025866471544,3,0.6666666666666667,1.3049087754177313,11,4,8,False,True,True,False,True,False,False,False,False,True,False,False,False,False,False,False,False,False,False,True
0.4463504035345031,0,549,-0.270543951856408,0.25,1025,1.0,42,0.6666666666666667,2,0.6666666666666667,-0.31870337872671295,23371,6,0,14,0.0,0.3333333333333333,0,-0.42164245835933756,6,0.6666666666666667,-0.8177339465973219,2,2,1,False,True,True,False,False,False,True,False,False,False,False,False,False,True,False,False,False,False,False,True
0.22734670086570485,0,466,-1.0109093429124179,0.0,1026,1.0,65,0.3333333333333333,4,1.0,1.3256689070378802,7060,1,0,16,0.0,0.6666666666666667,1,1.2497094145398413,3,0.6666666666666667,2.284590031732371,6,11,8,False,True,True,False,True,False,False,False,False,False,False,False,False,True,False,False,False,False,True,False
-1.0866755151470848,0,1055,-0.8875151110697495,0.75,1027,0.0,47,0.6666666666666667,2,1.0,-0.48358681247181234,4658,0,0,18,0.0,0.3333333333333333,1,-0.9359045730975464,2,0.6666666666666667,-0.6544537372115486,2,2,2,False,True,True,False,True,False,False,False,False,False,False,False,False,True,False,False,False,False,True,False
-0.2106607044718917,0,802,0.09963874367159682,0.5,1028,0.3333333333333333,45,0.6666666666666667,1,1.0,-0.5494551945091587,9541,1,0,20,1.0,0.0,1,-1.0644701017820986,4,0.3333333333333333,-0.6544537372115486,2,1,2,False,True,True,False,False,False,False,True,False,True,False,True,False,False,False,False,False,False,False,False
0.5558522548689022,0,265,-0.5173324155417446,0.25,1029,1.0,90,0.6666666666666667,5,0.6666666666666667,2.5072626893271814,7770,6,0,13,0.0,0.3333333333333333,0,1.2497094145398413,3,1.0,-0.9810141559830953,0,0,0,False,True,False,True,False,True,False,False,False,True,False,False,True,False,False,False,False,False,True,False
1.4318670655440953,0,804,-0.02375548817107146,0.5,1030,0.0,64,0.6666666666666667,1,1.0,-0.8760348822233569,20165,4,0,18,0.0,0.3333333333333333,0,-0.42164245835933756,5,0.6666666666666667,-0.9810141559830953,0,0,0,False,True,True,False,True,False,False,False,False,True,False,True,False,False,False,False,False,False,True,False
2.4173837275536876,0,715,-0.8875151110697495,0.5,1032,0.6666666666666667,69,0.3333333333333333,4,1.0,1.5347479003435216,21829,3,1,13,0.0,0.0,0,2.406799172700811,4,0.6666666666666667,-0.32789331844000197,3,4,3,False,True,True,False,True,False,False,False,False,False,False,False,False,True,False,False,False,False,False,True
0.008342998196906572,1,1141,0.2230329755142651,0.25,1033,0.0,61,0.0,2,0.3333333333333333,-0.3667235540184558,14382,5,0,15,0.0,0.0,0,0.4783162424325279,2,0.0,-0.9810141559830953,0,0,0,False,True,True,False,False,False,True,False,False,False,False,False,False,False,False,False,False,False,True,False
1.979376322216091,0,135,1.0867925984129432,0.75,1034,0.6666666666666667,62,0.6666666666666667,2,0.3333333333333333,-0.02505788203118797,12992,3,1,14,0.0,1.0,2,0.7354472998016324,3,0.6666666666666667,0.16194730971731802,7,6,7,True,False,True,False,False,False,True,False,False,True,False,False,False,False,False,False,False,False,True,False
0.4463504035345031,0,247,-0.270543951856408,0.0,1035,0.3333333333333333,55,0.0,5,0.6666666666666667,2.8621020377219186,20284,1,0,22,1.0,0.3333333333333333,2,1.2497094145398413,3,0.6666666666666667,2.284590031732371,16,5,10,False,False,True,False,True,False,False,False,False,False,False,False,False,False,True,False,False,False,False,False
0.11784484953130571,0,1035,-0.7641208792270812,0.75,1036,0.3333333333333333,42,0.6666666666666667,2,1.0,0.07608195619389878,4981,8,1,12,0.0,0.6666666666666667,0,0.9925783571707368,1,0.6666666666666667,-0.9810141559830953,0,0,0,False,True,False,True,True,False,False,False,False,True,False,False,False,False,False,False,True,False,False,True
-1.1961773664814839,1,265,2.4441291486822943,0.25,1037,0.3333333333333333,79,0.0,2,0.0,-0.3259276528856477,21813,8,0,18,0.0,1.0,0,-0.5502079870438897,6,0.6666666666666667,-0.8177339465973219,2,2,2,False,False,False,True,False,False,True,False,False,True,False,False,False,False,False,False,True,False,False,True
1.6508707682128936,1,266,-0.8875151110697495,0.0,1038,0.0,57,0.0,5,1.0,2.8349047703000463,25846,1,0,15,0.0,1.0,1,2.7924957587544674,3,0.6666666666666667,4.080672334975878,14,6,9,False,True,False,True,False,True,False,False,False,False,False,False,True,False,False,False,False,False,True,False
0.7748559575377005,0,1448,2.320734916839626,0.5,1039,1.0,53,1.0,4,1.0,1.448481567739771,11737,3,1,18,0.0,0.6666666666666667,1,1.5068404719089457,2,0.6666666666666667,0.8150681472604113,11,11,11,False,True,False,True,False,False,True,False,False,False,False,False,False,False,False,False,True,False,True,False
1.4318670655440953,0,145,-1.0109093429124179,0.5,1040,1.0,95,0.6666666666666667,2,0.6666666666666667,-0.03313207079705624,24920,0,0,12,0.0,0.0,1,0.9925783571707368,3,0.6666666666666667,1.794749403575051,7,0,13,False,False,False,True,True,False,False,False,False,False,False,False,False,False,False,False,True,False,True,False
-0.10115885313749257,1,885,0.8400041347276065,0.75,1042,0.6666666666666667,43,1.0,1,0.0,-0.7989051316441416,8269,1,0,16,0.0,0.6666666666666667,0,0.8640128284861845,1,0.6666666666666667,1.6314691941892778,13,15,14,False,True,True,False,True,False,False,False,False,False,False,True,False,False,False,False,False,False,False,True
0.22734670086570485,0,945,1.5803695257836163,0.5,1043,1.0,82,0.6666666666666667,3,0.0,0.930033657510335,5083,1,1,13,0.0,0.6666666666666667,0,1.2497094145398413,2,0.6666666666666667,2.284590031732371,6,2,8,True,False,True,False,False,False,True,False,False,False,False,False,False,True,False,False,False,False,False,True
-0.42966440714069,0,1038,-0.14714972001373974,0.0,1044,0.3333333333333333,88,0.3333333333333333,1,1.0,-0.8841090709892252,21437,0,0,19,0.0,1.0,0,-1.0644701017820986,2,0.3333333333333333,-0.8177339465973219,2,2,2,False,False,False,True,True,False,False,False,False,False,False,False,False,False,False,False,False,True,False,True
0.8843578088720997,0,1234,0.2230329755142651,0.25,1045,1.0,90,0.6666666666666667,4,1.0,2.368514129745287,5404,3,0,13,0.0,0.3333333333333333,1,1.8925370579626022,4,1.0,0.32522751910309133,3,1,1,False,True,False,True,True,False,False,False,False,False,False,False,True,False,False,False,False,False,True,False
-0.5391662584750891,0,1109,2.4441291486822943,0.75,1046,1.0,69,0.6666666666666667,1,0.6666666666666667,-0.5265075001219541,11135,9,0,12,0.0,0.3333333333333333,0,-0.16451140099023315,2,0.6666666666666667,0.16194730971731802,7,7,7,False,False,True,False,False,False,True,False,False,False,False,True,False,False,False,False,False,False,False,True
-0.3201625558062908,0,216,-1.0109093429124179,0.75,1047,0.3333333333333333,75,1.0,2,1.0,0.6846208147582863,12278,0,0,11,0.0,1.0,1,0.6068817711170802,2,0.3333333333333333,1.3049087754177313,1,0,9,False,True,False,True,False,True,False,False,False,True,False,False,False,False,False,False,True,False,False,False
2.4173837275536876,0,1089,-1.0109093429124179,0.25,1048,0.3333333333333333,66,0.6666666666666667,3,1.0,1.1476117968853115,11038,3,1,14,0.0,0.6666666666666667,1,0.34975071374797573,1,0.0,-0.16461310905422863,4,0,4,False,True,False,True,False,False,False,False,True,True,False,False,True,False,False,False,False,False,True,False
0.8843578088720997,0,788,1.827157989468953,0.75,1049,0.3333333333333333,36,0.6666666666666667,1,0.3333333333333333,-0.9191680485252322,8318,1,0,16,0.0,0.0,0,-0.678773515728442,3,0.6666666666666667,-0.16461310905422863,3,0,4,False,True,False,False,False,False,True,False,False,True,True,False,False,False,False,False,False,False,False,True
1.7603726195472926,0,124,-0.8875151110697495,0.5,1050,0.6666666666666667,38,0.3333333333333333,3,0.3333333333333333,0.2171677809448601,23537,2,0,12,0.0,0.0,1,2.406799172700811,2,0.6666666666666667,1.3049087754177313,7,6,12,True,False,False,True,False,True,False,False,False,False,False,False,False,False,False,False,True,False,True,False
-0.10115885313749257,1,660,0.7166099028849382,0.5,1052,0.0,81,0.6666666666666667,2,0.6666666666666667,-0.3546122708696534,7858,7,0,14,0.0,0.3333333333333333,1,-0.2930769296747854,3,0.3333333333333333,-0.9810141559830953,0,0,0,False,True,True,False,False,False,False,True,False,True,False,True,False,False,False,False,False,False,False,False
-1.1961773664814839,1,342,-0.8875151110697495,0.5,1053,0.0,57,0.6666666666666667,1,0.0,-0.9478526665092378,15346,6,1,14,0.0,0.3333333333333333,1,-0.678773515728442,2,0.6666666666666667,-0.6544537372115486,2,1,2,True,False,True,False,True,False,False,False,False,True,False,False,False,False,False,True,False,False,True,False
-0.3201625558062908,0,1333,0.09963874367159682,0.75,1055,0.6666666666666667,87,0.6666666666666667,1,0.6666666666666667,-0.910031466500697,18410,1,1,19,0.0,1.0,1,-1.3216011591512031,2,0.6666666666666667,-0.9810141559830953,1,0,0,False,True,False,True,True,False,False,False,False,False,False,False,False,False,False,False,False,True,True,False
-0.9771736638126857,0,1144,0.09963874367159682,0.0,1056,1.0,74,0.6666666666666667,1,0.3333333333333333,-1.1582065317252797,23384,1,0,22,1.0,0.3333333333333333,0,-1.3216011591512031,5,0.6666666666666667,-0.9810141559830953,0,0,0,False,True,False,True,False,False,True,False,False,True,False,False,False,False,False,False,False,True,True,False
0.11784484953130571,0,1186,-0.7641208792270812,0.75,1060,0.6666666666666667,44,0.6666666666666667,1,0.6666666666666667,-0.7823317968089383,2997,3,0,16,0.0,0.0,1,-0.42164245835933756,2,0.6666666666666667,-0.8177339465973219,2,2,2,True,False,True,False,False,False,False,True,False,True,False,False,False,False,False,True,False,False,True,False
1.4318670655440953,0,1464,-0.8875151110697495,0.75,1061,0.3333333333333333,62,0.6666666666666667,5,0.6666666666666667,2.705717750046154,12853,2,1,11,0.0,1.0,1,2.2782336440162587,2,0.3333333333333333,0.16194730971731802,1,7,7,False,True,True,False,False,False,True,False,False,True,False,False,False,False,True,False,False,False,True,False
0.008342998196906572,0,124,-0.7641208792270812,0.5,1062,1.0,35,0.6666666666666667,2,0.3333333333333333,-0.5090842506798174,13848,3,0,15,0.0,0.0,0,-0.42164245835933756,3,0.3333333333333333,-0.4911735278257753,3,0,1,False,True,True,False,False,False,False,True,False,False,False,False,False,False,False,False,False,False,False,True
0.33684855220010396,0,300,2.0739464531542895,0.5,1066,0.6666666666666667,74,0.6666666666666667,2,0.0,0.4022366866046302,22217,1,0,14,0.0,0.3333333333333333,1,-0.42164245835933756,3,0.3333333333333333,-0.0013328996684553085,7,7,5,False,True,False,True,False,True,False,False,False,True,False,False,False,False,False,False,True,False,True,False
-1.1961773664814839,0,921,-1.0109093429124179,0.0,1068,0.0,66,0.3333333333333333,1,0.6666666666666667,-0.955289419319906,25265,1,0,13,0.0,0.6666666666666667,2,-0.8073390444129942,5,0.6666666666666667,-0.32789331844000197,3,1,3,True,False,True,False,False,False,True,False,False,False,False,False,False,False,False,True,False,False,False,False
0.9938596602064987,0,430,-1.0109093429124179,0.75,1069,1.0,40,0.6666666666666667,5,1.0,2.7885844242221705,21445,9,0,17,0.0,1.0,2,1.5068404719089457,0,0.6666666666666667,-0.8177339465973219,2,2,2,False,True,True,False,False,False,True,False,False,True,False,False,False,False,True,False,False,False,False,False
1.869874470881692,0,1082,-0.8875151110697495,0.75,1070,0.6666666666666667,41,0.3333333333333333,3,0.6666666666666667,0.8888127990740601,8392,6,0,11,0.0,0.3333333333333333,1,0.2211851850634235,4,0.6666666666666667,0.32522751910309133,4,7,0,False,True,False,True,True,False,False,False,False,False,False,False,False,False,False,False,True,False,True,False
2.08887817355049,0,1240,-0.02375548817107146,0.5,1071,0.0,63,0.6666666666666667,1,0.6666666666666667,-0.7566218799491998,12154,2,0,19,0.0,0.3333333333333333,1,0.8640128284861845,4,0.6666666666666667,-0.32789331844000197,4,0,3,True,False,True,False,False,False,True,False,False,False,False,False,False,False,False,True,False,False,True,False
-0.10115885313749257,0,796,0.3464272073569334,1.0,1073,1.0,51,0.3333333333333333,3,1.0,0.5004018237054497,15669,0,0,11,0.0,0.3333333333333333,0,0.4783162424325279,2,0.3333333333333333,1.141628566031958,8,7,8,False,True,True,False,False,False,True,False,False,False,False,False,False,True,False,False,False,False,False,True
1.979376322216091,0,444,-0.8875151110697495,0.0,1074,0.6666666666666667,40,0.3333333333333333,4,0.0,2.1785582150956495,17323,7,0,15,0.0,0.3333333333333333,0,2.535364701385363,3,1.0,0.32522751910309133,7,6,2,False,False,True,False,False,False,True,False,False,True,False,False,True,False,False,False,False,False,False,True
0.6653541062033014,0,415,1.950552221311621,0.5,1076,0.6666666666666667,79,0.3333333333333333,3,1.0,0.9126104080681982,5268,5,0,13,0.0,0.6666666666666667,1,0.8640128284861845,5,0.6666666666666667,-0.9810141559830953,0,0,0,False,True,False,True,False,False,True,False,False,True,False,False,False,False,False,False,True,False,False,False
-1.8531884744878788,1,769,-0.02375548817107146,0.5,1077,1.0,54,0.6666666666666667,1,1.0,-0.8881461653721593,17205,1,1,14,0.0,0.3333333333333333,0,-1.193035630466651,3,0.6666666666666667,-0.8177339465973219,2,0,2,True,False,False,True,False,True,False,False,False,False,False,False,False,False,False,False,False,True,False,True
-1.7436866231534796,1,1334,0.09963874367159682,0.5,1079,0.6666666666666667,36,0.3333333333333333,1,0.0,-1.080864302494331,17258,1,0,13,0.0,0.0,0,-1.3216011591512031,6,0.3333333333333333,-0.9810141559830953,0,1,0,False,True,True,False,True,False,False,False,False,False,False,True,False,False,False,False,False,False,False,True
0.9938596602064987,0,1003,-0.14714972001373974,0.75,1080,1.0,74,0.3333333333333333,2,0.0,-0.40114509559926265,21029,8,1,23,1.0,0.0,3,0.9925783571707368,2,0.6666666666666667,1.4681889848035046,13,1,7,False,True,True,False,True,False,False,False,False,False,False,False,False,False,False,True,False,False,False,False
1.5413689168784945,1,1323,-0.6407266473844129,0.75,1081,0.0,34,0.6666666666666667,1,0.6666666666666667,-0.8588241114329535,10332,9,1,12,0.0,0.6666666666666667,3,0.8640128284861845,2,1.0,0.48850772848886465,0,2,7,False,True,True,False,True,False,False,False,False,True,False,False,False,False,False,True,False,False,True,False
-0.9771736638126857,1,1366,1.827157989468953,0.25,1082,0.3333333333333333,72,0.3333333333333333,3,0.0,0.4715047270697106,12355,1,0,12,0.0,0.0,0,-0.16451140099023315,2,0.3333333333333333,0.48850772848886465,7,1,9,False,False,True,False,False,False,False,False,True,True,False,False,False,False,False,False,False,False,False,True
-1.1961773664814839,0,192,-1.0109093429124179,0.25,1083,0.0,59,0.3333333333333333,1,0.0,-0.5413810057432905,11141,1,0,16,0.0,0.0,2,-0.678773515728442,2,0.6666666666666667,-0.32789331844000197,3,1,3,False,True,True,False,False,False,True,False,False,True,False,True,False,False,False,False,False,False,True,False
-0.7581699611438873,0,1176,1.3335810620982798,0.5,1084,0.6666666666666667,85,0.6666666666666667,2,0.0,0.7339158619604293,9096,0,0,15,0.0,0.6666666666666667,1,-0.5502079870438897,1,0.3333333333333333,-0.16461310905422863,2,0,2,False,True,True,False,False,False,False,True,False,True,False,False,False,True,False,False,False,False,True,False
0.4463504035345031,0,509,-0.270543951856408,0.25,1085,0.3333333333333333,43,1.0,1,0.6666666666666667,-0.6644061450969149,18863,1,0,13,0.0,0.6666666666666667,0,-0.16451140099023315,3,0.6666666666666667,0.48850772848886465,6,0,8,False,True,True,False,False,False,False,False,True,False,False,False,False,False,False,True,False,False,True,False
0.11784484953130571,0,330,0.9633983665702748,0.0,1088,0.6666666666666667,65,0.3333333333333333,3,0.6666666666666667,0.49296507089478153,24608,0,0,18,0.0,0.0,1,1.121143885855289,4,0.3333333333333333,1.9580296129608246,9,1,9,False,True,True,False,True,False,False,False,False,False,False,False,False,False,False,False,False,False,True,False
0.33684855220010396,0,1492,1.3335810620982798,0.75,1092,0.0,61,0.6666666666666667,3,1.0,0.8114705698431114,26542,4,0,20,1.0,1.0,1,0.34975071374797573,6,0.6666666666666667,0.651787937874638,10,11,1,False,True,True,False,False,False,False,False,True,True,False,False,False,False,False,False,False,False,True,False
-1.0866755151470848,0,1277,-0.14714972001373974,1.0,1094,0.0,87,0.0,1,0.6666666666666667,-0.3998702236888624,5869,1,0,19,0.0,1.0,3,-1.0644701017820986,4,0.6666666666666667,-0.6544537372115486,2,1,2,False,False,True,False,True,False,False,False,False,True,False,True,False,False,False,False,False,False,True,False
1.979376322216091,0,1091,-0.8875151110697495,0.0,1096,1.0,65,0.6666666666666667,3,0.3333333333333333,0.950431608076739,15813,3,0,18,0.0,0.3333333333333333,1,1.5068404719089457,4,0.6666666666666667,-0.6544537372115486,2,1,2,True,False,True,False,True,False,False,False,False,True,False,False,False,True,False,False,False,False,True,False
-0.9771736638126857,0,857,0.09963874367159682,0.5,1097,0.6666666666666667,59,0.6666666666666667,2,0.6666666666666667,-0.6040622080046363,7909,3,0,13,0.0,1.0,0,-0.16451140099023315,4,1.0,0.16194730971731802,7,1,7,False,True,True,False,False,False,False,True,False,False,False,False,False,False,False,True,False,False,False,True
0.7748559575377005,1,1376,-1.0109093429124179,0.25,1098,0.3333333333333333,91,0.3333333333333333,3,0.0,0.8454671541204515,2326,9,0,14,0.0,1.0,1,1.6354060005934978,1,0.6666666666666667,2.1213098223465976,6,3,6,False,True,False,False,False,False,True,False,False,True,True,False,False,False,False,False,False,False,True,False
-0.42966440714069,0,654,-0.5173324155417446,0.5,1099,1.0,34,0.3333333333333333,3,1.0,0.13090144834110964,21214,4,0,15,0.0,0.6666666666666667,1,-0.2930769296747854,2,0.6666666666666667,-0.6544537372115486,2,1,2,False,True,True,False,True,False,False,False,False,True,False,False,False,False,False,False,False,False,False,False
-0.2106607044718917,1,1204,-0.6407266473844129,0.5,1100,1.0,86,0.6666666666666667,3,0.0,0.6542363675604136,10333,0,1,22,1.0,0.0,0,-0.2930769296747854,2,0.6666666666666667,0.16194730971731802,7,4,7,False,True,False,True,False,False,False,False,True,True,False,False,False,False,False,False,True,False,False,True
-0.42966440714069,1,827,2.4441291486822943,0.75,1101,0.0,54,0.3333333333333333,2,0.6666666666666667,-0.4238803113347338,3129,1,0,22,1.0,0.3333333333333333,0,0.34975071374797573,4,0.6666666666666667,0.9783483566461847,7,3,8,True,False,True,False,False,False,True,False,False,False,False,False,False,False,False,True,False,False,False,True
-0.9771736638126857,0,895,0.7166099028849382,0.25,1102,0.0,50,0.6666666666666667,1,0.6666666666666667,-0.9127936889732309,22482,1,0,16,0.0,1.0,1,-0.9359045730975464,5,0.3333333333333333,-0.4911735278257753,2,2,2,False,True,True,False,True,False,False,False,False,True,False,True,False,False,False,False,False,False,False,False
-0.3201625558062908,0,618,-0.7641208792270812,0.0,1103,0.0,45,0.6666666666666667,2,1.0,0.2662503494952699,22266,0,0,17,0.0,0.6666666666666667,0,-0.5502079870438897,1,0.3333333333333333,-0.16461310905422863,2,0,4,True,False,True,False,True,False,False,False,False,True,False,False,False,False,False,False,False,False,False,True
0.008342998196906572,0,309,0.09963874367159682,0.75,1105,1.0,88,0.3333333333333333,2,1.0,0.040598021354425064,24223,2,1,14,0.0,0.6666666666666667,3,-0.42164245835933756,5,0.6666666666666667,-0.9810141559830953,0,0,0,False,True,False,True,True,False,False,False,False,False,False,False,False,False,False,False,True,False,False,False
-1.3056792178158831,1,1219,-0.6407266473844129,0.0,1106,1.0,32,0.6666666666666667,1,1.0,-0.5974753698009015,4605,1,1,15,0.0,0.3333333333333333,1,-0.5502079870438897,3,1.0,-0.0013328996684553085,7,5,6,False,True,True,False,False,False,False,False,True,True,False,True,False,False,False,False,False,False,True,False
-1.1961773664814839,1,1330,1.456975293940948,0.5,1107,0.0,37,0.6666666666666667,1,0.6666666666666667,-0.8766723181785571,19373,1,0,20,1.0,0.6666666666666667,1,-1.3216011591512031,0,0.3333333333333333,-0.9810141559830953,1,0,0,False,True,True,False,False,False,True,False,False,True,False,True,False,False,False,False,False,False,False,False
-0.42966440714069,1,1017,1.950552221311621,0.5,1108,0.0,55,0.3333333333333333,1,0.3333333333333333,-0.890270951889493,2993,4,1,20,1.0,0.3333333333333333,0,-0.8073390444129942,0,0.6666666666666667,-0.8177339465973219,2,2,2,False,True,True,False,False,False,True,False,False,True,False,False,False,False,False,True,False,False,False,True
0.5558522548689022,0,469,-0.8875151110697495,0.25,1109,1.0,35,0.6666666666666667,4,0.0,2.371701309521288,14399,0,0,17,0.0,1.0,1,1.5068404719089457,3,0.6666666666666667,2.4478702411181446,6,13,7,False,True,True,False,False,False,True,False,False,True,False,False,True,False,False,False,False,False,True,False
-0.9771736638126857,1,1009,-1.0109093429124179,0.5,1111,0.0,45,0.3333333333333333,1,0.3333333333333333,-0.8301394934489478,7160,1,0,15,0.0,0.0,2,-1.3216011591512031,2,0.6666666666666667,-0.9810141559830953,0,0,0,True,False,True,False,False,False,True,False,False,True,False,True,False,False,False,False,False,False,False,False
1.4318670655440953,1,959,-1.0109093429124179,0.75,1113,1.0,81,0.6666666666666667,2,0.6666666666666667,-0.37713500795339117,17251,3,1,14,0.0,1.0,0,-0.8073390444129942,4,0.6666666666666667,-1.1442943653688686,0,0,0,True,False,False,True,False,False,False,True,False,True,False,False,False,False,False,False,True,False,False,True
-0.42966440714069,0,970,-0.270543951856408,0.5,1114,1.0,30,0.6666666666666667,2,0.3333333333333333,-0.46765091359180916,13401,0,0,17,0.0,0.6666666666666667,1,-0.9359045730975464,3,0.6666666666666667,-0.6544537372115486,2,0,2,True,False,False,True,True,False,False,False,False,False,False,False,False,False,False,False,True,False,True,False
-0.3201625558062908,0,697,-0.7641208792270812,0.75,1115,0.6666666666666667,40,0.3333333333333333,1,1.0,-0.748760169835065,22478,3,0,17,0.0,1.0,3,-0.678773515728442,2,0.6666666666666667,-1.1442943653688686,0,0,0,False,False,True,False,True,False,False,False,False,True,False,False,False,False,False,True,False,False,True,False
1.2128633628752972,0,1262,-1.0109093429124179,0.75,1116,0.0,35,1.0,4,1.0,2.205967961169255,16154,2,0,22,1.0,0.6666666666666667,0,2.0211025866471544,3,0.3333333333333333,-0.32789331844000197,4,2,1,False,False,True,False,False,False,True,False,False,True,False,False,True,False,False,False,False,False,False,True
0.8843578088720997,0,1050,-0.02375548817107146,0.75,1117,0.3333333333333333,65,0.3333333333333333,2,0.6666666666666667,-0.19334097420402138,17970,1,0,13,0.0,1.0,1,0.4783162424325279,2,0.6666666666666667,1.3049087754177313,10,4,12,False,False,False,True,True,False,False,False,False,False,False,False,False,False,False,False,True,False,True,False
1.6508707682128936,0,994,-0.270543951856408,0.75,1118,0.3333333333333333,87,0.6666666666666667,3,0.3333333333333333,0.8376054440063166,15322,7,0,19,0.0,1.0,0,0.8640128284861845,4,0.6666666666666667,0.16194730971731802,6,4,0,False,True,True,False,True,False,False,False,False,True,False,False,False,False,False,False,False,False,False,True
0.11784484953130571,0,770,0.09963874367159682,0.75,1119,0.6666666666666667,73,0.3333333333333333,3,0.6666666666666667,0.4753293428009114,5569,0,1,14,0.0,0.3333333333333333,2,-0.2930769296747854,2,0.6666666666666667,0.16194730971731802,7,2,7,False,True,False,True,False,True,False,False,False,True,False,False,False,False,False,False,True,False,False,False
-0.8676718124782865,0,1107,2.320734916839626,0.75,1120,0.6666666666666667,93,0.6666666666666667,1,1.0,-0.8475627428910846,26968,4,0,22,1.0,0.0,1,-0.03594587230568093,1,0.6666666666666667,-0.0013328996684553085,5,1,7,False,True,True,False,True,False,False,False,False,False,False,False,False,False,False,True,False,False,False,False
-0.9771736638126857,0,950,-0.7641208792270812,0.5,1121,1.0,93,0.6666666666666667,3,0.3333333333333333,0.24479000567019893,8039,0,0,17,0.0,0.3333333333333333,3,-0.16451140099023315,3,0.3333333333333333,0.32522751910309133,7,1,7,False,True,True,False,False,False,True,False,False,False,False,False,False,True,False,False,False,False,False,False
0.9938596602064987,0,406,-0.7641208792270812,0.0,1124,0.0,52,0.6666666666666667,4,0.6666666666666667,2.3292055791746127,15596,3,0,12,0.0,1.0,1,1.5068404719089457,3,0.6666666666666667,0.8150681472604113,9,4,9,False,True,False,True,False,True,False,False,False,True,False,False,True,False,False,False,False,False,True,False
0.11784484953130571,0,130,-0.8875151110697495,0.25,1125,1.0,32,0.6666666666666667,3,0.3333333333333333,0.1801964955432528,20619,7,0,16,0.0,0.6666666666666667,0,-0.16451140099023315,2,0.6666666666666667,-0.9810141559830953,0,0,0,False,True,False,True,False,True,False,False,False,True,False,False,False,False,False,False,True,False,False,True
0.6653541062033014,0,1082,2.197340684996958,0.5,1126,0.6666666666666667,83,0.6666666666666667,3,0.0,0.9172849384063324,11535,8,0,11,0.0,0.6666666666666667,1,0.8640128284861845,1,0.6666666666666667,0.16194730971731802,7,0,1,True,False,True,False,True,False,False,False,False,False,False,False,False,True,False,False,False,False,True,False
0.22734670086570485,1,203,-0.8875151110697495,0.5,1127,0.0,84,0.6666666666666667,4,1.0,1.203918639594656,13547,7,0,11,0.0,1.0,3,1.2497094145398413,4,0.6666666666666667,1.794749403575051,7,11,5,True,False,True,False,True,False,False,False,False,True,False,False,False,False,False,False,False,False,False,False
0.33684855220010396,0,1308,0.59321567104227,0.5,1128,0.6666666666666667,44,0.3333333333333333,5,0.6666666666666667,2.788371945570437,17544,1,0,14,0.0,0.0,0,1.2497094145398413,2,1.0,2.1213098223465976,7,4,9,False,True,True,False,False,False,True,False,False,True,False,False,False,False,True,False,False,False,False,True
-1.7436866231534796,0,984,-1.0109093429124179,0.0,1131,1.0,70,0.3333333333333333,1,0.3333333333333333,-0.9419032642607033,25326,1,1,11,0.0,0.6666666666666667,0,-1.193035630466651,6,1.0,-0.8177339465973219,2,2,2,False,True,True,False,False,False,False,False,True,False,False,False,False,False,False,True,False,False,False,True
0.22734670086570485,0,439,-0.02375548817107146,0.5,1132,0.6666666666666667,70,0.6666666666666667,2,0.3333333333333333,0.05929614270696211,8770,9,0,15,0.0,0.6666666666666667,0,-0.2930769296747854,2,0.3333333333333333,-0.32789331844000197,4,0,3,False,False,True,False,True,False,False,False,False,True,False,True,False,False,False,False,False,False,False,True
-0.10115885313749257,0,217,1.0867925984129432,0.75,1133,0.0,78,0.6666666666666667,2,1.0,0.2711373584851375,23238,2,0,20,1.0,0.0,0,0.8640128284861845,0,0.6666666666666667,0.651787937874638,9,0,9,False,False,True,False,True,False,False,False,False,True,False,False,False,True,False,False,False,False,False,True
-0.6486681098094882,0,793,1.3335810620982798,0.5,1135,0.6666666666666667,67,1.0,1,1.0,-0.7887061563609395,21981,0,0,12,0.0,0.0,1,-1.0644701017820986,4,0.6666666666666667,-0.8177339465973219,2,2,2,True,False,False,True,True,False,False,False,False,True,False,False,False,False,False,False,False,True,True,False
-0.9771736638126857,0,1451,-0.8875151110697495,0.0,1136,0.0,67,0.3333333333333333,1,0.3333333333333333,-0.7015899091502557,19911,0,0,17,0.0,0.0,0,-0.678773515728442,2,0.0,-0.32789331844000197,3,0,4,False,True,True,False,True,False,False,False,False,True,False,False,False,False,False,True,False,False,True,False
-0.2106607044718917,0,1182,0.2230329755142651,0.25,1137,1.0,54,0.6666666666666667,2,1.0,-0.3261401315373811,18500,1,0,11,0.0,1.0,1,-0.8073390444129942,3,0.6666666666666667,-0.32789331844000197,2,0,2,True,False,False,True,False,True,False,False,False,True,False,False,False,False,False,False,True,False,False,False
1.3223652142096962,0,174,-0.14714972001373974,0.75,1138,1.0,56,0.3333333333333333,4,0.3333333333333333,1.405985837393096,11879,6,0,17,0.0,0.3333333333333333,1,1.3782749432243935,3,0.6666666666666667,0.32522751910309133,8,2,3,False,True,False,True,False,False,False,False,True,True,False,False,False,False,False,False,True,False,True,False
-0.3201625558062908,0,1003,-0.8875151110697495,0.25,1140,1.0,95,0.6666666666666667,2,0.6666666666666667,-0.5248076709080872,15834,2,0,11,0.0,1.0,0,-0.8073390444129942,3,0.3333333333333333,-0.6544537372115486,2,0,2,True,False,True,False,True,False,False,False,False,True,False,False,False,True,False,False,False,False,False,True
-0.8676718124782865,0,490,0.09963874367159682,0.5,1143,1.0,61,0.6666666666666667,1,0.3333333333333333,-0.6824668304942518,17940,0,0,14,0.0,1.0,2,-0.42164245835933756,2,0.3333333333333333,-0.0013328996684553085,5,1,1,True,False,True,False,True,False,False,False,False,False,False,False,False,False,False,True,False,False,False,False
0.5558522548689022,0,188,2.4441291486822943,0.5,1148,0.3333333333333333,56,0.0,2,1.0,-0.47402527314381043,9558,4,0,19,0.0,0.0,0,0.6068817711170802,3,0.6666666666666667,-0.9810141559830953,0,0,0,False,True,True,False,False,False,True,False,False,True,False,True,False,False,False,False,False,False,False,True
-0.8676718124782865,0,718,-0.14714972001373974,0.0,1150,0.3333333333333333,79,0.3333333333333333,2,1.0,-0.307442010184844,17689,1,1,15,0.0,0.6666666666666667,1,-0.16451140099023315,2,0.3333333333333333,0.48850772848886465,7,1,2,False,True,True,False,False,False,True,False,False,True,False,False,False,True,False,False,False,False,True,False
0.11784484953130571,0,433,-1.0109093429124179,0.5,1152,0.6666666666666667,37,1.0,1,0.6666666666666667,-0.7774447878190707,6004,1,0,13,0.0,1.0,1,-0.5502079870438897,2,1.0,-0.0013328996684553085,6,5,0,False,True,False,False,False,False,False,False,False,True,True,False,False,False,False,False,False,False,True,False
-0.9771736638126857,0,773,-0.3939381836990763,0.5,1154,0.6666666666666667,39,0.3333333333333333,1,0.6666666666666667,-0.8074042777134766,22088,1,1,14,0.0,1.0,1,-1.0644701017820986,2,0.6666666666666667,-0.6544537372115486,1,0,2,True,False,True,False,True,False,False,False,False,True,False,False,False,False,False,True,False,False,False,False
-2.072192177156677,1,247,-0.14714972001373974,0.0,1156,0.6666666666666667,80,0.6666666666666667,1,0.6666666666666667,-0.9771747204484437,13556,1,0,12,0.0,1.0,0,-1.4501666878357553,0,0.6666666666666667,-1.1442943653688686,0,0,0,False,False,True,False,False,False,True,False,False,True,False,True,False,False,False,False,False,False,False,True
-0.42966440714069,1,603,-0.02375548817107146,0.75,1157,0.0,77,0.6666666666666667,2,0.0,0.3656903585064896,18385,0,1,17,0.0,0.0,0,-0.678773515728442,3,0.6666666666666667,-0.32789331844000197,2,0,3,False,True,False,True,False,True,False,False,False,False,False,False,False,False,False,False,True,False,False,True
0.4463504035345031,0,167,0.3464272073569334,0.75,1158,0.3333333333333333,46,0.6666666666666667,1,1.0,-0.3690608191875229,9051,3,1,11,0.0,0.0,1,-0.678773515728442,4,0.6666666666666667,-0.9810141559830953,0,0,0,False,True,True,False,True,False,False,False,False,True,False,True,False,False,False,False,False,False,True,False
-0.6486681098094882,1,874,0.7166099028849382,0.5,1160,0.6666666666666667,72,0.6666666666666667,1,0.6666666666666667,-0.8271647923246805,6233,1,0,12,0.0,0.6666666666666667,1,-1.193035630466651,5,0.3333333333333333,-0.8177339465973219,2,2,2,True,False,True,False,False,False,True,False,False,True,False,True,False,False,False,False,False,False,True,False
0.008342998196906572,0,367,1.950552221311621,0.25,1161,0.6666666666666667,52,0.3333333333333333,2,1.0,-0.16401892026481554,17171,7,0,13,0.0,0.6666666666666667,2,-0.2930769296747854,2,0.6666666666666667,-0.16461310905422863,2,1,3,False,True,True,False,False,False,True,False,False,False,False,False,False,False,False,False,False,False,False,False
-1.0866755151470848,0,199,-0.3939381836990763,0.5,1162,1.0,55,0.3333333333333333,1,0.6666666666666667,-0.8422507765977502,7950,1,0,13,0.0,0.6666666666666667,1,-0.9359045730975464,0,0.6666666666666667,-0.4911735278257753,2,2,2,False,True,True,False,True,False,False,False,False,True,False,False,False,False,False,True,False,False,True,False
-0.3201625558062908,0,1400,-0.02375548817107146,0.0,1163,0.3333333333333333,70,0.6666666666666667,2,0.6666666666666667,-0.16763105734428294,5829,1,0,20,1.0,0.0,0,-0.678773515728442,3,0.3333333333333333,-0.16461310905422863,5,1,3,False,True,False,True,True,False,False,False,False,False,False,False,False,False,False,False,True,False,True,False
-0.2106607044718917,0,528,-0.14714972001373974,0.75,1164,0.6666666666666667,100,0.6666666666666667,1,0.6666666666666667,-0.46318886190540826,7108,1,0,17,0.0,0.3333333333333333,0,-0.678773515728442,2,0.0,-0.32789331844000197,4,1,4,False,True,False,False,False,False,False,False,True,True,True,False,False,False,False,False,False,False,False,True
-0.8676718124782865,1,408,1.7037637576262845,0.0,1165,1.0,45,0.3333333333333333,3,0.0,0.17700931576725215,11162,1,0,13,0.0,0.0,1,-0.03594587230568093,3,0.0,0.651787937874638,8,3,10,False,True,False,True,True,False,False,False,False,False,False,False,False,False,False,False,True,False,True,False
0.33684855220010396,0,593,-0.02375548817107146,0.75,1166,0.3333333333333333,88,0.6666666666666667,3,0.6666666666666667,1.4865152464000455,13782,9,0,17,0.0,0.6666666666666667,0,1.121143885855289,3,0.3333333333333333,1.794749403575051,7,2,13,True,False,True,False,False,False,True,False,False,False,False,False,False,False,True,False,False,False,False,True
0.5558522548689022,1,481,0.3464272073569334,0.5,1167,0.6666666666666667,44,0.6666666666666667,4,0.0,1.5415472171989897,2447,0,1,12,0.0,0.3333333333333333,0,1.3782749432243935,2,0.3333333333333333,2.284590031732371,9,13,14,True,False,False,True,True,False,False,False,False,True,False,False,False,False,False,False,True,False,False,True
0.5558522548689022,0,647,-0.6407266473844129,0.75,1171,0.3333333333333333,45,0.6666666666666667,2,0.0,-0.2864066236632398,2253,7,0,13,0.0,1.0,0,-0.2930769296747854,3,1.0,-0.16461310905422863,4,1,5,False,True,False,True,False,True,False,False,False,True,False,False,False,False,False,False,True,False,False,True
-0.2106607044718917,0,982,-1.0109093429124179,0.75,1172,1.0,58,0.3333333333333333,1,0.6666666666666667,-0.9019572777348287,16340,6,0,12,0.0,0.3333333333333333,1,-0.16451140099023315,2,0.6666666666666667,0.16194730971731802,0,1,7,False,True,True,False,False,False,True,False,False,True,False,True,False,False,False,False,False,False,True,False
-1.4151810691502822,0,477,1.827157989468953,0.5,1173,1.0,49,0.6666666666666667,1,0.3333333333333333,-0.6174483630638389,6409,8,0,22,1.0,1.0,0,-0.678773515728442,2,0.6666666666666667,-0.4911735278257753,3,1,2,False,True,True,False,False,False,True,False,False,True,False,True,False,False,False,False,False,False,False,True
-0.9771736638126857,1,1485,0.3464272073569334,0.0,1175,0.6666666666666667,79,0.6666666666666667,1,1.0,-0.8473502642393512,22955,1,1,11,0.0,1.0,0,-1.3216011591512031,4,0.3333333333333333,-0.9810141559830953,1,0,0,False,True,True,False,True,False,False,False,False,False,False,True,False,False,False,False,False,False,True,False
-1.1961773664814839,0,1384,-0.7641208792270812,0.75,1177,0.0,82,1.0,1,1.0,-0.4425784326872709,13421,1,0,22,1.0,0.3333333333333333,1,-0.42164245835933756,2,0.6666666666666667,0.16194730971731802,7,0,7,False,True,True,False,False,False,True,False,False,True,False,True,False,False,False,False,False,False,True,False
-0.7581699611438873,0,852,0.09963874367159682,0.5,1179,0.6666666666666667,72,0.3333333333333333,2,0.6666666666666667,0.015950497753353506,2706,1,0,18,0.0,0.0,1,-0.16451140099023315,3,0.6666666666666667,0.48850772848886465,3,1,4,False,True,False,True,False,True,False,False,False,True,False,False,False,False,False,False,True,False,True,False
0.33684855220010396,0,902,2.0739464531542895,0.25,1180,0.6666666666666667,92,0.3333333333333333,2,1.0,-0.4421534753838041,21203,3,1,13,0.0,1.0,1,0.6068817711170802,3,0.0,-0.9810141559830953,1,0,0,True,False,True,False,False,False,True,False,False,False,False,False,False,False,False,True,False,False,True,False
-0.2106607044718917,0,819,-0.8875151110697495,0.5,1182,0.6666666666666667,44,0.3333333333333333,3,0.3333333333333333,0.8012715945599094,19588,2,0,18,0.0,0.3333333333333333,1,0.4783162424325279,2,1.0,-0.0013328996684553085,7,6,4,False,True,True,False,True,False,False,False,False,True,False,False,False,True,False,False,False,False,False,False
-0.3201625558062908,0,669,-1.0109093429124179,0.5,1184,1.0,97,0.3333333333333333,2,0.0,-0.24646063713736524,25755,0,0,20,1.0,0.6666666666666667,0,0.34975071374797573,3,0.6666666666666667,0.9783483566461847,9,4,9,True,False,True,False,False,False,True,False,False,True,False,False,False,False,False,False,False,False,False,True
-0.2106607044718917,0,636,-0.6407266473844129,0.75,1185,1.0,47,0.3333333333333333,1,1.0,-0.8768847968302904,26537,1,0,13,0.0,0.3333333333333333,1,-1.193035630466651,2,1.0,-0.8177339465973219,2,2,2,True,False,True,False,False,False,False,True,False,True,False,True,False,False,False,False,False,False,True,False
0.6653541062033014,1,1372,-0.02375548817107146,0.5,1188,0.0,85,0.0,2,0.6666666666666667,-0.24582320118216514,9489,8,0,13,0.0,0.3333333333333333,0,-0.5502079870438897,2,0.3333333333333333,-0.4911735278257753,3,1,3,False,True,False,True,False,True,False,False,False,False,False,False,False,False,False,False,True,False,False,True
-0.5391662584750891,0,862,-0.8875151110697495,0.0,1190,0.6666666666666667,76,0.6666666666666667,1,0.0,-0.7810569248985381,14947,1,0,12,0.0,0.6666666666666667,3,-1.3216011591512031,3,0.6666666666666667,-0.9810141559830953,0,0,0,False,False,False,True,True,False,False,False,False,False,False,False,False,False,False,False,False,True,False,False
2.08887817355049,0,718,-0.6407266473844129,0.75,1191,1.0,92,0.6666666666666667,5,0.0,2.855727678169917,18575,4,0,13,0.0,1.0,1,2.1496681153317065,2,0.6666666666666667,-0.32789331844000197,2,4,2,False,True,True,False,False,False,False,False,True,False,False,False,True,False,False,False,False,False,False,False
-0.8676718124782865,0,1401,-0.3939381836990763,0.0,1192,0.3333333333333333,54,0.6666666666666667,1,1.0,-0.7164634147715919,26342,1,0,13,0.0,0.0,1,-0.16451140099023315,5,0.6666666666666667,0.48850772848886465,8,0,8,False,True,True,False,False,False,True,False,False,False,False,True,False,False,False,False,False,False,True,False
-1.9626903258222779,0,645,-0.02375548817107146,0.25,1193,0.6666666666666667,54,0.6666666666666667,1,0.0,-0.8394885541252163,7172,1,0,25,1.0,0.6666666666666667,0,-1.3216011591512031,4,0.6666666666666667,-0.9810141559830953,1,0,0,False,True,True,False,True,False,False,False,False,True,False,False,False,False,False,True,False,False,False,True
0.8843578088720997,0,1457,-0.270543951856408,0.5,1195,0.0,83,0.6666666666666667,1,0.6666666666666667,-0.43046714953846843,20100,4,1,19,0.0,0.6666666666666667,1,-0.5502079870438897,2,0.3333333333333333,-0.6544537372115486,2,0,2,False,True,True,False,False,False,True,False,False,False,False,False,False,False,False,True,False,False,True,False
0.008342998196906572,0,977,-1.0109093429124179,0.5,1196,1.0,56,0.3333333333333333,2,1.0,-0.0061472820269175485,9961,1,0,13,0.0,0.3333333333333333,1,0.34975071374797573,2,0.3333333333333333,1.141628566031958,8,3,11,False,True,True,False,True,False,False,False,False,False,False,False,False,True,False,False,False,False,True,False
-1.8531884744878788,0,805,-0.7641208792270812,0.5,1198,0.0,87,0.3333333333333333,1,0.6666666666666667,-0.7372863226414627,12828,1,0,12,0.0,0.0,0,-1.193035630466651,2,0.3333333333333333,-0.8177339465973219,2,1,2,False,True,True,False,True,False,False,False,False,True,False,True,False,False,False,False,False,False,False,True
0.7748559575377005,1,1097,0.09963874367159682,0.75,1200,0.6666666666666667,96,0.6666666666666667,1,0.6666666666666667,-0.7578967518596001,10826,1,1,11,0.0,0.6666666666666667,0,-0.678773515728442,4,0.6666666666666667,-0.16461310905422863,4,0,2,False,True,True,False,True,False,False,False,False,True,False,False,False,False,False,True,False,False,False,True
1.7603726195472926,0,1223,-0.270543951856408,0.25,1201,1.0,50,0.6666666666666667,5,0.6666666666666667,2.571643720802394,18640,3,0,18,0.0,0.3333333333333333,1,1.8925370579626022,6,0.6666666666666667,-0.0013328996684553085,7,4,7,False,True,True,False,False,False,True,False,False,False,False,False,True,False,False,False,False,False,False,False
-0.8676718124782865,0,942,0.7166099028849382,0.0,1202,0.3333333333333333,69,0.0,1,1.0,-0.9210803563908325,26933,0,1,18,0.0,0.0,1,-0.678773515728442,2,0.3333333333333333,-0.32789331844000197,4,1,3,False,True,True,False,True,False,False,False,False,False,False,False,False,False,False,True,False,False,True,False
-1.6341847718190805,1,1256,-0.7641208792270812,0.75,1203,0.6666666666666667,48,0.3333333333333333,1,1.0,-0.7755324799534703,4223,0,1,11,0.0,0.3333333333333333,1,-1.3216011591512031,5,0.6666666666666667,-1.1442943653688686,0,0,0,True,False,True,False,True,False,False,False,False,True,False,False,False,False,False,True,False,False,True,False
0.9938596602064987,0,1402,-0.8875151110697495,0.5,1204,0.6666666666666667,69,0.6666666666666667,4,0.0,2.2406019814017952,24097,8,0,23,1.0,0.0,0,2.1496681153317065,2,0.6666666666666667,3.1009910786612376,15,15,9,False,True,False,True,False,True,False,False,False,False,False,False,True,False,False,False,False,False,True,False
0.7748559575377005,0,111,0.9633983665702748,0.5,1206,1.0,74,0.0,1,0.6666666666666667,-0.8951579608793607,4279,2,0,13,0.0,1.0,0,-0.678773515728442,3,0.6666666666666667,-1.1442943653688686,0,0,0,False,False,True,False,True,False,False,False,False,True,False,False,False,False,False,True,False,False,False,True
-0.42966440714069,0,147,-0.8875151110697495,0.5,1207,0.3333333333333333,99,0.6666666666666667,1,0.6666666666666667,-0.6168109271086387,8429,1,0,13,0.0,1.0,1,-0.8073390444129942,2,0.6666666666666667,-0.32789331844000197,4,1,4,False,True,False,False,False,False,False,False,False,True,True,False,False,False,False,False,False,False,True,False
0.4463504035345031,1,906,-0.5173324155417446,0.25,1210,0.0,95,0.3333333333333333,1,0.0,-0.9340415541465684,20293,6,0,17,0.0,0.0,1,-0.8073390444129942,2,0.0,-0.9810141559830953,0,0,0,False,False,True,False,True,False,False,False,False,True,False,False,False,False,False,True,False,False,False,False
-0.7581699611438873,0,1329,2.4441291486822943,0.75,1211,0.6666666666666667,61,0.6666666666666667,2,0.0,-0.5073844214659504,13192,8,0,19,0.0,0.6666666666666667,3,-0.42164245835933756,3,0.6666666666666667,-0.4911735278257753,3,0,3,False,True,False,True,True,False,False,False,False,True,False,False,False,False,False,False,True,False,False,False
0.33684855220010396,0,1184,-0.8875151110697495,0.75,1212,0.3333333333333333,62,0.6666666666666667,2,0.3333333333333333,-0.4623389472984748,25440,5,0,12,0.0,1.0,3,-0.8073390444129942,2,0.6666666666666667,-1.1442943653688686,0,0,0,True,False,False,True,False,False,True,False,False,True,False,False,False,False,False,False,True,False,True,False
1.4318670655440953,0,1421,-0.8875151110697495,0.5,1215,1.0,30,0.6666666666666667,4,0.0,2.4122847320023624,9490,2,0,22,1.0,0.6666666666666667,1,2.6639302300699153,3,0.6666666666666667,-0.8177339465973219,2,2,2,True,False,True,False,False,False,True,False,False,False,False,False,True,False,False,False,False,False,True,False
-0.9771736638126857,0,1179,1.2101868302556114,0.75,1216,1.0,78,0.3333333333333333,1,0.0,-0.7026523024089225,12449,1,0,12,0.0,0.6666666666666667,3,-0.678773515728442,2,0.6666666666666667,-0.16461310905422863,5,3,3,False,True,True,False,False,False,True,False,False,True,False,True,False,False,False,False,False,False,True,False
0.9938596602064987,0,1450,0.7166099028849382,0.25,1217,1.0,52,0.6666666666666667,5,0.3333333333333333,2.6725710803757474,10849,5,0,11,0.0,0.0,1,1.76397152927805,2,0.6666666666666667,-0.4911735278257753,2,0,3,False,True,True,False,True,False,False,False,False,True,False,False,False,False,True,False,False,False,True,False
-0.2106607044718917,0,1361,0.9633983665702748,0.75,1218,0.6666666666666667,94,0.6666666666666667,2,0.0,0.5233495180926542,21026,3,1,15,0.0,1.0,3,0.4783162424325279,2,0.6666666666666667,-0.0013328996684553085,7,1,7,False,True,False,True,True,False,False,False,False,True,False,False,False,False,False,False,True,False,True,False
-1.4151810691502822,1,984,0.9633983665702748,0.25,1219,1.0,97,0.6666666666666667,1,0.3333333333333333,-0.9121562530180307,3372,1,0,13,0.0,0.0,1,-1.3216011591512031,3,0.0,-0.9810141559830953,0,0,0,False,True,True,False,True,False,False,False,False,False,False,True,False,False,False,False,False,False,True,False
-0.42966440714069,0,1146,1.950552221311621,0.5,1220,0.3333333333333333,82,0.6666666666666667,2,0.6666666666666667,-0.4172934731309992,4905,1,0,12,0.0,0.0,1,-0.16451140099023315,3,0.3333333333333333,0.48850772848886465,7,0,1,True,False,False,True,False,False,True,False,False,False,False,False,False,False,False,False,True,False,True,False
-0.10115885313749257,0,917,-0.3939381836990763,0.75,1221,0.6666666666666667,60,0.0,1,0.6666666666666667,-0.7993300889476084,6865,1,0,14,0.0,0.6666666666666667,1,-0.5502079870438897,4,0.6666666666666667,-0.0013328996684553085,7,1,7,False,True,True,False,True,False,False,False,False,True,False,True,False,False,False,False,False,False,False,False
-0.7581699611438873,0,853,-0.270543951856408,0.75,1224,0.6666666666666667,49,0.6666666666666667,2,0.6666666666666667,-0.6399711001475767,11309,1,0,13,0.0,0.0,3,-0.16451140099023315,4,0.3333333333333333,0.48850772848886465,7,8,9,False,True,True,False,True,False,False,False,False,True,False,True,False,False,False,False,False,False,False,False
0.7748559575377005,0,200,2.4441291486822943,0.75,1225,1.0,32,0.6666666666666667,2,1.0,-0.4168685158275324,7744,1,0,25,1.0,0.3333333333333333,0,1.121143885855289,3,0.6666666666666667,2.1213098223465976,11,13,17,False,True,True,False,False,False,False,True,False,True,False,False,False,False,False,True,False,False,False,True
-1.8531884744878788,0,654,1.456975293940948,0.5,1226,0.6666666666666667,43,1.0,1,1.0,-0.812716244006811,5050,1,0,17,0.0,1.0,0,-1.193035630466651,2,0.6666666666666667,-0.8177339465973219,1,2,2,False,True,False,True,False,True,False,False,False,True,False,False,False,False,False,False,False,True,False,True
0.9938596602064987,0,150,-0.8875151110697495,0.75,1228,1.0,60,0.6666666666666667,2,1.0,0.18614589779178728,17433,2,0,11,0.0,0.6666666666666667,1,0.09261965637887129,3,0.3333333333333333,-0.16461310905422863,3,1,4,False,True,True,False,False,False,False,False,True,True,False,False,False,True,False,False,False,False,False,False
0.5558522548689022,0,179,-0.8875151110697495,1.0,1231,1.0,79,1.0,2,0.0,-0.049067969677059405,12858,7,0,16,0.0,0.0,1,-0.16451140099023315,3,1.0,-0.4911735278257753,3,0,3,False,False,False,False,False,False,True,False,False,True,True,False,False,False,False,False,False,False,True,False
2.526885578888087,0,696,-0.270543951856408,0.75,1233,0.3333333333333333,52,1.0,2,1.0,-0.2725955113005704,10893,0,1,18,0.0,0.3333333333333333,1,0.09261965637887129,3,0.6666666666666667,0.651787937874638,7,1,9,False,True,False,True,False,True,False,False,False,True,False,False,False,False,False,False,True,False,False,False
-0.5391662584750891,0,116,0.4698214391996017,0.5,1234,0.6666666666666667,77,0.3333333333333333,1,0.3333333333333333,-0.7989051316441416,7331,1,0,20,1.0,0.6666666666666667,1,-1.193035630466651,2,0.6666666666666667,-0.8177339465973219,2,2,2,True,False,True,False,False,False,False,True,False,False,False,True,False,False,False,False,False,False,True,False
-0.5391662584750891,0,1316,-0.8875151110697495,0.25,1235,1.0,38,0.6666666666666667,2,0.6666666666666667,-0.3197657719853798,2338,4,1,14,0.0,1.0,0,-0.16451140099023315,2,0.6666666666666667,0.16194730971731802,7,0,7,True,False,True,False,True,False,False,False,False,False,False,False,False,False,False,True,False,False,False,True
-0.10115885313749257,0,363,-1.0109093429124179,0.5,1237,0.6666666666666667,77,0.0,3,0.0,0.7965970642217751,4235,2,1,21,1.0,0.6666666666666667,1,0.7354472998016324,2,0.6666666666666667,-0.0013328996684553085,7,7,7,False,True,True,False,False,False,False,False,True,False,False,False,False,True,False,False,False,False,False,False
-0.42966440714069,0,117,-0.02375548817107146,0.5,1238,0.0,60,0.6666666666666667,1,1.0,-0.7908309428782733,6311,0,0,13,0.0,0.3333333333333333,1,0.4783162424325279,5,0.6666666666666667,1.141628566031958,10,4,10,False,True,True,False,False,False,True,False,False,True,False,False,False,False,False,True,False,False,True,False
0.33684855220010396,0,107,0.09963874367159682,0.5,1239,0.3333333333333333,84,0.3333333333333333,2,0.3333333333333333,0.0741696483282984,11591,7,0,12,0.0,0.3333333333333333,1,-0.5502079870438897,2,1.0,-0.32789331844000197,1,1,3,False,True,False,True,False,False,False,False,True,False,False,False,False,False,False,False,True,False,False,False
-1.3056792178158831,0,1356,0.09963874367159682,0.75,1240,0.6666666666666667,57,0.6666666666666667,2,1.0,-0.3299647472685818,20623,0,0,14,0.0,0.3333333333333333,0,-0.8073390444129942,4,0.6666666666666667,-0.4911735278257753,3,1,1,False,True,False,True,True,False,False,False,False,True,False,False,False,False,False,False,True,False,False,True
-0.7581699611438873,0,1465,-1.0109093429124179,0.5,1241,1.0,63,0.6666666666666667,1,0.3333333333333333,-0.6212729787950396,9369,0,1,21,1.0,0.0,1,0.09261965637887129,2,0.6666666666666667,0.651787937874638,9,5,7,False,True,True,False,False,False,True,False,False,True,False,False,False,False,False,True,False,False,True,False
0.5558522548689022,0,458,2.0739464531542895,1.0,1242,0.0,60,0.6666666666666667,3,0.0,1.4210718216661657,23281,3,1,17,0.0,0.6666666666666667,0,1.121143885855289,6,0.6666666666666667,-0.9810141559830953,0,0,0,True,False,True,False,False,False,True,False,False,False,False,False,False,False,True,False,False,False,True,False
-0.2106607044718917,0,1212,-0.14714972001373974,0.25,1243,0.6666666666666667,78,0.3333333333333333,3,1.0,0.8231568956884471,13755,4,1,11,0.0,0.3333333333333333,1,0.6068817711170802,6,0.3333333333333333,0.9783483566461847,2,4,12,False,False,False,True,False,True,False,False,False,False,False,False,False,False,False,False,True,False,True,False
-1.0866755151470848,0,1103,0.59321567104227,0.5,1244,0.0,42,0.6666666666666667,1,0.0,-0.9068442867246963,14377,1,1,14,0.0,1.0,2,-0.2930769296747854,3,0.3333333333333333,0.32522751910309133,7,6,8,False,True,True,False,True,False,False,False,False,True,False,False,False,False,False,True,False,False,True,False
1.869874470881692,0,966,-1.0109093429124179,0.75,1245,1.0,53,0.6666666666666667,3,0.6666666666666667,0.849716727155119,9659,7,0,17,0.0,0.0,1,2.7924957587544674,2,0.0,-0.32789331844000197,4,1,4,True,False,True,False,True,False,False,False,False,False,False,False,False,True,False,False,False,False,False,False
0.7748559575377005,0,1117,-0.8875151110697495,0.0,1246,0.0,72,1.0,1,1.0,-0.9544395047129725,19982,1,0,13,0.0,1.0,1,-0.16451140099023315,5,0.6666666666666667,0.48850772848886465,5,7,7,False,True,True,False,True,False,False,False,False,False,False,False,False,False,False,True,False,False,True,False
-1.9626903258222779,1,504,0.09963874367159682,0.5,1248,0.0,96,0.3333333333333333,1,0.3333333333333333,-0.9867362597764455,6148,1,1,25,1.0,0.3333333333333333,0,-1.3216011591512031,2,1.0,-0.9810141559830953,1,0,0,False,False,True,False,False,False,True,False,False,False,False,False,False,False,False,True,False,False,False,True
-0.8676718124782865,0,1010,-1.0109093429124179,0.5,1249,0.0,97,0.6666666666666667,1,1.0,-0.5828143428312987,5598,1,0,15,0.0,0.0,3,-1.0644701017820986,5,0.6666666666666667,-0.6544537372115486,2,1,2,False,True,True,False,True,False,False,False,False,False,False,False,False,False,False,True,False,False,False,False
1.869874470881692,0,685,-0.7641208792270812,0.5,1250,1.0,85,0.6666666666666667,4,1.0,2.3959238758188928,23474,3,0,14,0.0,0.0,0,3.1781923448081244,2,0.6666666666666667,0.48850772848886465,9,0,9,False,True,True,False,True,False,False,False,False,True,False,False,False,False,True,False,False,False,True,False
-0.6486681098094882,0,1332,0.2230329755142651,0.25,1251,0.6666666666666667,80,0.6666666666666667,2,0.0,0.07013255394536426,17089,1,1,12,0.0,1.0,0,-0.678773515728442,2,0.3333333333333333,-0.16461310905422863,5,0,1,False,True,True,False,False,False,True,False,False,True,False,False,False,False,False,False,False,False,True,False
-0.6486681098094882,0,1062,1.827157989468953,0.5,1252,0.6666666666666667,96,0.3333333333333333,2,0.0,0.06567050225896337,17198,1,0,19,0.0,0.3333333333333333,0,-0.16451140099023315,2,0.6666666666666667,0.48850772848886465,9,1,8,False,True,True,False,False,False,True,False,False,False,False,False,False,False,False,False,False,False,False,True
2.4173837275536876,0,326,-0.7641208792270812,0.5,1254,0.6666666666666667,48,0.3333333333333333,2,1.0,-0.28300696523550584,16490,5,0,17,0.0,1.0,0,0.2211851850634235,2,0.6666666666666667,-0.16461310905422863,1,0,5,False,True,False,True,True,False,False,False,False,False,False,False,False,False,False,False,True,False,False,True
0.6653541062033014,0,920,-0.7641208792270812,0.5,1255,0.6666666666666667,96,0.0,5,1.0,2.812594511868042,18625,3,0,14,0.0,0.3333333333333333,1,1.76397152927805,2,0.6666666666666667,0.16194730971731802,7,0,7,False,True,True,False,True,False,False,False,False,True,False,False,False,False,True,False,False,False,True,False
1.3223652142096962,0,1098,-0.6407266473844129,0.25,1256,0.0,85,0.3333333333333333,5,0.6666666666666667,2.5939539792343984,12124,2,0,13,0.0,0.6666666666666667,1,1.5068404719089457,2,1.0,-0.9810141559830953,0,0,0,False,True,True,False,False,False,True,False,False,True,False,False,True,False,False,False,False,False,True,False
-0.10115885313749257,0,469,-0.7641208792270812,0.5,1257,0.6666666666666667,46,0.6666666666666667,1,0.3333333333333333,-0.5972628911491682,9256,1,0,12,0.0,0.6666666666666667,0,0.09261965637887129,2,0.3333333333333333,0.651787937874638,10,0,7,True,False,True,False,False,False,False,False,True,True,False,False,False,False,False,True,False,False,True,False
1.2128633628752972,0,969,-0.8875151110697495,0.25,1258,1.0,76,1.0,1,0.3333333333333333,-0.8380012035630827,16620,5,0,11,0.0,0.6666666666666667,0,-0.5502079870438897,4,0.3333333333333333,-0.9810141559830953,0,0,0,False,True,True,False,False,False,False,False,True,True,False,True,False,False,False,False,False,False,False,True
-1.0866755151470848,0,1167,-0.6407266473844129,0.25,1259,0.0,76,0.6666666666666667,1,0.6666666666666667,-0.8469253069358844,3208,1,0,11,0.0,0.3333333333333333,3,-0.8073390444129942,2,0.6666666666666667,-0.32789331844000197,3,0,3,False,True,True,False,True,False,False,False,False,True,False,False,False,False,False,True,False,False,False,False
-0.8676718124782865,0,1329,-0.270543951856408,0.5,1260,0.6666666666666667,82,0.6666666666666667,2,1.0,0.025512037081355403,4204,1,1,11,0.0,0.3333333333333333,2,-0.678773515728442,2,0.6666666666666667,-0.16461310905422863,0,1,0,False,True,True,False,True,False,False,False,False,True,False,False,False,False,False,False,False,False,False,False
1.2128633628752972,0,715,-1.0109093429124179,0.5,1263,1.0,76,0.3333333333333333,5,1.0,2.499188500561313,8733,6,0,12,0.0,0.6666666666666667,0,1.76397152927805,3,1.0,-0.9810141559830953,0,0,0,False,True,True,False,True,False,False,False,False,True,False,False,False,False,True,False,False,False,False,True
-0.8676718124782865,0,694,-1.0109093429124179,0.5,1264,1.0,87,0.3333333333333333,4,1.0,2.044271707200156,3423,3,0,14,0.0,0.3333333333333333,2,-0.2930769296747854,2,0.3333333333333333,-0.0013328996684553085,7,1,7,False,True,True,False,True,False,False,False,False,False,False,False,False,False,True,False,False,False,False,False
-0.3201625558062908,0,1320,1.3335810620982798,0.5,1265,0.6666666666666667,89,1.0,1,0.6666666666666667,-0.832476758618015,21643,0,0,17,0.0,1.0,0,-1.193035630466651,5,0.3333333333333333,-0.9810141559830953,0,0,0,False,True,True,False,False,False,False,False,True,False,False,False,False,False,False,True,False,False,True,False
0.7748559575377005,0,1099,-0.5173324155417446,0.5,1267,0.3333333333333333,88,0.6666666666666667,5,0.3333333333333333,2.4881396106711775,8751,7,0,11,0.0,0.6666666666666667,1,1.8925370579626022,5,0.6666666666666667,2.4478702411181446,9,3,10,False,True,False,True,False,True,False,False,False,True,False,False,True,False,False,False,False,False,True,False
-0.42966440714069,0,536,0.09963874367159682,1.0,1268,1.0,82,1.0,3,0.6666666666666667,0.3988370281768962,21708,0,1,14,0.0,1.0,2,-0.16451140099023315,3,0.6666666666666667,0.32522751910309133,8,0,8,False,True,False,True,False,True,False,False,False,True,False,False,False,False,False,False,True,False,False,False
-1.9626903258222779,0,265,1.950552221311621,0.5,1269,0.3333333333333333,57,1.0,1,1.0,-0.7455729900590643,21221,1,1,12,0.0,1.0,0,-1.3216011591512031,2,0.6666666666666667,-0.9810141559830953,0,0,1,False,True,True,False,True,False,False,False,False,False,False,False,False,False,False,True,False,False,False,True
-1.5246829204846812,0,373,-1.0109093429124179,0.25,1270,1.0,47,0.6666666666666667,1,0.6666666666666667,-1.1218726822788723,16901,1,0,22,1.0,1.0,1,-1.3216011591512031,2,0.6666666666666667,-0.9810141559830953,0,0,1,False,True,True,False,True,False,False,False,False,True,False,False,False,False,False,True,False,False,True,False
-1.3056792178158831,1,599,1.827157989468953,0.0,1273,0.6666666666666667,73,0.0,1,1.0,-1.1441829407108768,8040,1,1,14,0.0,1.0,0,-1.3216011591512031,4,0.6666666666666667,-0.9810141559830953,0,1,0,True,False,False,True,True,False,False,False,False,True,False,False,False,False,False,False,False,True,False,True
-1.1961773664814839,0,583,-0.6407266473844129,0.25,1275,0.6666666666666667,53,0.6666666666666667,1,1.0,-0.770857949615336,9973,1,1,20,1.0,0.3333333333333333,0,-0.42164245835933756,2,0.3333333333333333,0.16194730971731802,5,2,2,False,True,True,False,True,False,False,False,False,True,False,False,False,False,False,True,False,False,False,True
0.8843578088720997,1,1449,-0.8875151110697495,0.5,1277,0.0,94,0.0,5,0.3333333333333333,2.61796406688027,2493,2,1,16,0.0,0.0,0,1.8925370579626022,2,0.6666666666666667,2.774430659889691,10,1,11,False,True,False,True,False,True,False,False,False,False,False,False,True,False,False,False,False,False,False,True
1.979376322216091,0,177,-0.14714972001373974,0.0,1278,1.0,37,0.3333333333333333,4,0.3333333333333333,1.5030885812352488,25592,1,1,15,0.0,1.0,1,2.9210612874390196,3,0.6666666666666667,4.243952544361651,9,15,0,False,False,True,False,False,False,True,False,False,True,False,False,False,False,False,False,False,False,False,False
-1.7436866231534796,1,251,0.09963874367159682,0.25,1279,0.0,45,0.3333333333333333,1,0.6666666666666667,-0.8239776125486798,25308,1,0,20,1.0,0.6666666666666667,0,-1.193035630466651,2,0.0,-0.8177339465973219,2,2,2,True,False,True,False,True,False,False,False,False,False,False,True,False,False,False,False,False,False,False,True
0.9938596602064987,0,168,-0.6407266473844129,0.25,1280,1.0,33,0.3333333333333333,5,0.3333333333333333,2.6105273140696017,9946,2,0,14,0.0,0.6666666666666667,1,1.8925370579626022,2,0.6666666666666667,0.651787937874638,4,0,8,False,True,False,True,False,True,False,False,False,False,False,False,True,False,False,False,False,False,True,False
-0.3201625558062908,0,131,-0.8875151110697495,0.5,1281,0.6666666666666667,86,0.6666666666666667,2,0.0,-0.41750595178273253,6039,0,1,12,0.0,1.0,0,-0.9359045730975464,3,0.6666666666666667,-0.6544537372115486,2,0,2,False,True,False,True,False,True,False,False,False,False,False,False,False,False,False,False,True,False,False,True
1.5413689168784945,0,237,-0.02375548817107146,0.5,1282,1.0,83,0.6666666666666667,5,0.3333333333333333,2.835329727603513,19196,4,1,24,1.0,0.0,1,2.535364701385363,5,0.3333333333333333,3.5908317068185576,10,11,10,True,False,False,True,True,False,False,False,False,True,False,False,True,False,False,False,False,False,False,False
2.4173837275536876,0,1429,1.0867925984129432,0.75,1283,1.0,67,0.6666666666666667,3,1.0,0.8518415136724528,20002,6,0,12,0.0,1.0,0,1.76397152927805,6,0.3333333333333333,0.32522751910309133,7,5,4,False,True,True,False,False,False,True,False,False,True,False,False,False,True,False,False,False,False,False,True
-0.3201625558062908,0,135,1.2101868302556114,0.5,1285,0.6666666666666667,46,0.6666666666666667,2,0.3333333333333333,-0.43747894504566986,22534,4,0,13,0.0,0.6666666666666667,2,0.4783162424325279,2,1.0,0.651787937874638,8,5,10,True,False,True,False,False,False,True,False,False,False,False,True,False,False,False,False,False,False,False,False
-0.9771736638126857,0,791,-1.0109093429124179,0.75,1286,1.0,44,0.6666666666666667,1,0.6666666666666667,-0.9240550575150998,6842,0,1,11,0.0,0.6666666666666667,0,-0.8073390444129942,2,0.3333333333333333,-0.4911735278257753,2,0,2,True,False,True,False,False,False,True,False,False,True,False,True,False,False,False,False,False,False,False,True
0.7748559575377005,0,1199,-0.6407266473844129,0.25,1288,0.6666666666666667,92,1.0,5,0.0,2.6957312534146856,17477,1,0,14,0.0,1.0,2,1.8925370579626022,4,0.3333333333333333,2.9377108692754645,9,14,13,False,True,True,False,True,False,False,False,False,True,False,False,True,False,False,False,False,False,False,False
-0.3201625558062908,0,648,0.2230329755142651,0.5,1289,0.6666666666666667,56,0.3333333333333333,2,0.3333333333333333,-0.42770492706593455,21833,4,0,11,0.0,1.0,2,0.34975071374797573,5,1.0,0.48850772848886465,9,1,8,True,False,False,False,True,False,False,False,False,True,True,False,False,False,False,False,False,False,True,False
-0.2106607044718917,0,735,-0.3939381836990763,0.0,1291,0.6666666666666667,66,0.6666666666666667,1,0.6666666666666667,-0.636783920371576,6020,0,1,14,0.0,1.0,0,-0.9359045730975464,3,0.6666666666666667,-0.6544537372115486,2,2,2,False,True,True,False,True,False,False,False,False,True,False,False,False,False,False,True,False,False,True,False
0.5558522548689022,0,603,-0.270543951856408,0.75,1292,0.3333333333333333,78,1.0,2,0.3333333333333333,-0.8777347114372239,5628,6,1,16,0.0,1.0,0,0.8640128284861845,2,0.6666666666666667,-0.9810141559830953,0,0,0,False,True,True,False,False,False,True,False,False,False,False,False,False,False,False,True,False,False,True,False
0.6653541062033014,0,531,-0.6407266473844129,0.75,1293,1.0,56,0.3333333333333333,3,1.0,0.7921350125353742,20364,3,0,14,0.0,1.0,0,1.5068404719089457,3,1.0,2.284590031732371,7,15,17,False,True,False,True,False,True,False,False,False,False,False,False,False,False,False,False,True,False,False,True
-0.10115885313749257,0,429,-0.8875151110697495,0.75,1294,0.6666666666666667,53,0.6666666666666667,2,0.3333333333333333,-0.2322245674712291,2323,9,1,11,0.0,1.0,0,0.8640128284861845,2,0.6666666666666667,1.4681889848035046,14,5,12,False,True,True,False,True,False,False,False,False,False,False,False,False,True,False,False,False,False,False,True
0.7748559575377005,1,621,0.7166099028849382,0.5,1295,0.0,73,0.6666666666666667,3,1.0,0.3134206101800792,14075,1,0,11,0.0,1.0,1,-0.16451140099023315,2,0.6666666666666667,0.48850772848886465,7,0,5,False,True,True,False,False,False,True,False,False,False,False,False,False,False,False,False,False,False,True,False
-0.9771736638126857,0,193,-0.8875151110697495,0.5,1296,1.0,52,0.3333333333333333,1,1.0,-0.5600791270958275,14222,1,1,12,0.0,0.3333333333333333,1,-1.193035630466651,2,0.6666666666666667,-0.8177339465973219,2,2,2,True,False,True,False,True,False,False,False,False,True,False,True,False,False,False,False,False,False,True,False
1.5413689168784945,0,968,-0.3939381836990763,0.25,1297,0.3333333333333333,40,0.3333333333333333,1,0.6666666666666667,-0.7787196597294709,4257,0,0,14,0.0,0.3333333333333333,0,-0.42164245835933756,6,0.3333333333333333,-0.0013328996684553085,0,7,7,True,False,True,False,False,False,True,False,False,False,False,True,False,False,False,False,False,False,False,True
-0.7581699611438873,0,879,-0.02375548817107146,0.25,1298,0.6666666666666667,72,0.6666666666666667,2,0.6666666666666667,-0.3841468034605926,12858,7,1,18,0.0,0.6666666666666667,0,-0.16451140099023315,3,0.6666666666666667,0.16194730971731802,4,1,7,False,False,True,False,False,False,True,False,False,False,False,False,False,True,False,False,False,False,False,True
-0.8676718124782865,1,806,-0.270543951856408,0.5,1299,0.3333333333333333,39,0.6666666666666667,1,0.6666666666666667,-0.6722678552110498,17285,3,1,13,0.0,0.0,2,-0.16451140099023315,2,0.6666666666666667,-0.0013328996684553085,7,7,7,False,True,True,False,False,False,False,False,True,False,False,True,False,False,False,False,False,False,False,False
-0.9771736638126857,0,640,-1.0109093429124179,0.5,1301,1.0,84,0.6666666666666667,1,0.0,-0.9397784777433695,4732,2,0,11,0.0,0.3333333333333333,0,-0.8073390444129942,2,0.3333333333333333,-0.6544537372115486,2,1,2,False,True,True,False,False,False,False,False,True,True,False,False,False,False,False,True,False,False,False,True
-1.3056792178158831,0,266,-1.0109093429124179,0.5,1303,1.0,40,0.6666666666666667,1,0.3333333333333333,-0.9363788193156355,18830,1,0,18,0.0,1.0,0,-1.193035630466651,3,0.3333333333333333,-0.8177339465973219,2,2,1,False,True,True,False,False,False,True,False,False,False,False,False,False,False,False,True,False,False,False,True
-0.5391662584750891,0,604,-0.14714972001373974,0.5,1304,0.6666666666666667,56,1.0,2,1.0,-0.06245412473626206,11693,1,0,15,0.0,0.6666666666666667,2,-0.16451140099023315,4,1.0,0.48850772848886465,7,0,8,False,True,False,True,False,False,True,False,False,True,False,False,False,False,False,False,True,False,True,False
0.8843578088720997,0,364,1.950552221311621,0.5,1306,0.3333333333333333,83,0.6666666666666667,5,0.3333333333333333,2.4558428556077043,13035,3,0,22,1.0,0.6666666666666667,0,1.3782749432243935,4,0.6666666666666667,-1.1442943653688686,0,0,0,True,False,True,False,False,False,True,False,False,False,False,False,True,False,False,False,False,False,False,True
0.22734670086570485,0,412,0.4698214391996017,0.75,1307,0.6666666666666667,94,0.3333333333333333,4,0.3333333333333333,2.2565378802817984,17334,6,1,13,0.0,1.0,2,1.2497094145398413,4,0.6666666666666667,1.9580296129608246,9,15,2,False,True,True,False,False,False,True,False,False,False,False,False,True,False,False,False,False,False,False,False
2.3078818762192883,0,848,1.7037637576262845,0.75,1308,0.0,88,0.6666666666666667,1,0.6666666666666667,-0.8777347114372239,26076,1,0,12,0.0,1.0,2,-1.193035630466651,3,0.6666666666666667,-0.8177339465973219,2,2,2,False,True,True,False,True,False,False,False,False,True,False,False,False,False,False,True,False,False,False,False
-0.5391662584750891,1,1089,-0.270543951856408,0.25,1309,1.0,79,0.6666666666666667,2,0.6666666666666667,-0.344200816934718,22845,1,0,18,0.0,0.0,1,-0.16451140099023315,3,0.6666666666666667,0.48850772848886465,4,1,1,False,True,True,False,True,False,False,False,False,True,False,True,False,False,False,False,False,False,True,False
0.22734670086570485,1,360,1.7037637576262845,0.5,1310,0.6666666666666667,93,0.6666666666666667,1,0.0,-0.5522174169816926,22154,0,0,13,0.0,0.0,0,-0.678773515728442,2,0.6666666666666667,-0.32789331844000197,2,0,3,False,True,True,False,False,False,True,False,False,True,False,False,False,False,False,True,False,False,False,True
-0.7581699611438873,0,1138,-0.3939381836990763,0.5,1311,0.0,48,0.3333333333333333,2,1.0,-0.3985953517784621,23631,0,0,12,0.0,0.0,1,-0.16451140099023315,6,0.6666666666666667,0.32522751910309133,2,6,7,False,True,True,False,False,False,False,False,True,False,False,True,False,False,False,False,False,False,True,False
-0.10115885313749257,0,325,0.09963874367159682,0.75,1312,1.0,63,0.6666666666666667,3,0.6666666666666667,0.12558948204777526,5747,3,0,12,0.0,0.0,0,-0.16451140099023315,0,0.6666666666666667,-0.0013328996684553085,7,1,7,False,True,True,False,False,False,False,False,True,False,False,False,False,False,False,False,False,False,True,False
0.9938596602064987,0,991,-1.0109093429124179,0.25,1314,1.0,44,0.6666666666666667,1,0.0,-0.6544196484654462,22957,6,0,12,0.0,0.6666666666666667,0,-0.16451140099023315,3,1.0,-0.0013328996684553085,6,5,7,False,True,False,False,True,False,False,False,False,False,True,False,False,False,False,False,False,False,False,True
-0.9771736638126857,0,1476,-1.0109093429124179,0.5,1315,0.6666666666666667,55,0.0,2,1.0,0.03634844831975755,16392,0,0,11,0.0,0.0,3,-0.16451140099023315,6,0.6666666666666667,0.32522751910309133,8,7,5,False,False,True,False,True,False,False,False,False,False,False,True,False,False,False,False,False,False,True,False
1.4318670655440953,0,1322,2.320734916839626,0.5,1317,1.0,43,0.6666666666666667,4,0.0,2.204905567910588,22422,4,1,11,0.0,0.3333333333333333,0,1.76397152927805,2,0.6666666666666667,-0.6544537372115486,2,1,2,False,True,True,False,True,False,False,False,False,False,False,False,False,False,True,False,False,False,True,False
0.33684855220010396,1,299,1.950552221311621,0.75,1318,1.0,57,0.3333333333333333,3,0.3333333333333333,0.5505467855145263,17235,2,1,12,0.0,0.6666666666666667,0,-0.2930769296747854,2,0.6666666666666667,-0.32789331844000197,4,1,0,False,True,False,True,False,True,False,False,False,True,False,False,False,False,False,False,True,False,False,True
1.6508707682128936,1,1030,-0.5173324155417446,0.5,1319,0.3333333333333333,64,0.6666666666666667,3,0.3333333333333333,0.41286061919129896,21534,9,1,19,0.0,0.6666666666666667,0,-0.16451140099023315,2,0.3333333333333333,0.16194730971731802,7,7,7,False,True,False,True,True,False,False,False,False,True,False,False,False,False,False,False,True,False,False,True
-0.7581699611438873,0,634,0.9633983665702748,0.75,1321,0.3333333333333333,95,0.6666666666666667,3,0.0,1.150161540706112,25927,1,1,23,1.0,1.0,2,-0.2930769296747854,2,0.6666666666666667,0.32522751910309133,1,0,8,False,True,True,False,False,False,True,False,False,False,False,False,True,False,False,False,False,False,True,False
0.22734670086570485,0,524,1.0867925984129432,0.25,1322,0.0,32,0.6666666666666667,2,0.6666666666666667,-0.41835586638966604,13352,0,0,11,0.0,0.0,0,-0.2930769296747854,6,0.6666666666666667,0.16194730971731802,7,1,7,False,True,True,False,True,False,False,False,False,True,False,False,False,True,False,False,False,False,False,True
-0.6486681098094882,0,587,-0.8875151110697495,0.75,1324,1.0,57,0.6666666666666667,3,0.6666666666666667,0.711605603528425,8935,1,1,19,0.0,0.0,1,-0.16451140099023315,5,0.3333333333333333,0.48850772848886465,8,9,6,False,False,False,True,True,False,False,False,False,False,False,False,False,False,False,False,True,False,False,False
0.4463504035345031,0,256,0.09963874367159682,0.25,1329,0.6666666666666667,40,0.0,2,0.3333333333333333,-0.07477788653679784,22074,1,0,13,0.0,0.0,0,0.9925783571707368,4,0.6666666666666667,1.9580296129608246,2,11,9,False,False,False,True,False,False,True,False,False,True,False,False,False,False,False,False,True,False,False,True
-0.6486681098094882,1,1060,-1.0109093429124179,0.5,1331,1.0,54,0.6666666666666667,1,0.3333333333333333,-0.8926082170585602,8319,1,1,11,0.0,0.0,0,-1.0644701017820986,2,1.0,-0.6544537372115486,2,2,2,True,False,False,True,True,False,False,False,False,False,False,False,False,False,False,False,False,True,False,True
0.7748559575377005,1,935,-0.7641208792270812,0.5,1333,0.0,89,0.6666666666666667,1,0.0,-0.8798594979545576,14669,4,0,12,0.0,0.6666666666666667,0,-0.16451140099023315,4,1.0,-0.6544537372115486,2,1,2,False,True,True,False,True,False,False,False,False,True,False,True,False,False,False,False,False,False,True,False
0.5558522548689022,0,495,-0.8875151110697495,0.0,1334,0.6666666666666667,37,0.6666666666666667,4,0.6666666666666667,2.4133471252610295,26582,0,1,13,0.0,1.0,0,1.2497094145398413,3,0.3333333333333333,2.1213098223465976,8,2,10,False,False,True,False,True,False,False,False,False,True,False,False,True,False,False,False,False,False,True,False
1.979376322216091,0,282,-0.8875151110697495,0.25,1336,1.0,58,0.0,5,0.6666666666666667,2.6950938174594854,6992,4,0,14,0.0,1.0,1,1.5068404719089457,5,0.6666666666666667,1.9580296129608246,9,9,11,False,True,True,False,False,False,True,False,False,False,False,False,True,False,False,False,False,False,True,False
2.08887817355049,0,206,-0.14714972001373974,0.75,1338,1.0,99,0.6666666666666667,5,0.3333333333333333,2.8077075028781744,4022,6,0,14,0.0,0.0,0,3.1781923448081244,4,0.6666666666666667,-0.0013328996684553085,3,7,7,False,True,False,False,True,False,False,False,False,True,False,False,True,False,False,False,False,False,False,True
0.33684855220010396,0,458,0.8400041347276065,0.25,1340,0.6666666666666667,74,0.6666666666666667,1,0.6666666666666667,-0.6287097316057078,8532,9,0,16,0.0,0.3333333333333333,1,-0.678773515728442,0,0.6666666666666667,-0.4911735278257753,2,0,0,False,False,True,False,True,False,False,False,False,True,False,False,False,False,False,True,False,False,False,False
-0.3201625558062908,0,943,-0.02375548817107146,0.5,1344,1.0,86,0.6666666666666667,3,1.0,0.42433446638490124,5494,0,0,11,0.0,1.0,1,-0.16451140099023315,0,0.3333333333333333,0.32522751910309133,7,1,6,False,True,True,False,True,False,False,False,False,True,False,False,False,False,False,False,False,False,False,False
0.33684855220010396,0,523,-0.8875151110697495,0.5,1346,0.6666666666666667,98,0.6666666666666667,2,1.0,-0.39137107761952733,22455,1,0,13,0.0,0.6666666666666667,0,-0.2930769296747854,4,0.6666666666666667,0.32522751910309133,8,8,8,False,True,True,False,True,False,False,False,False,True,False,False,False,False,False,True,False,False,False,True
0.4463504035345031,0,1018,-1.0109093429124179,0.5,1349,0.6666666666666667,66,0.6666666666666667,2,0.0,-0.5099341652867508,4297,0,0,17,0.0,1.0,1,-0.16451140099023315,2,0.6666666666666667,0.32522751910309133,3,1,7,True,False,False,True,False,True,False,False,False,False,False,False,False,False,False,False,True,False,False,False
-0.2106607044718917,0,482,-0.6407266473844129,0.75,1350,0.6666666666666667,87,0.6666666666666667,2,0.6666666666666667,-0.4789122821336781,2690,1,1,11,0.0,0.3333333333333333,0,-0.2930769296747854,3,0.6666666666666667,0.32522751910309133,6,1,1,True,False,True,False,True,False,False,False,False,True,False,False,False,False,False,True,False,False,False,True
1.5413689168784945,0,770,-0.5173324155417446,0.5,1352,0.6666666666666667,84,0.6666666666666667,4,0.3333333333333333,1.5984914958635343,17588,1,1,11,0.0,0.3333333333333333,1,2.7924957587544674,2,0.6666666666666667,4.243952544361651,9,0,10,False,True,False,False,True,False,False,False,False,True,False,False,True,False,False,False,False,False,False,False
0.11784484953130571,0,1009,-0.8875151110697495,0.25,1355,0.3333333333333333,31,0.6666666666666667,2,0.0,0.0828812730493668,19461,3,0,15,0.0,1.0,1,-0.03594587230568093,3,0.6666666666666667,-0.0013328996684553085,7,1,7,False,True,False,True,True,False,False,False,False,False,False,False,False,False,False,False,True,False,False,False
-0.3201625558062908,0,507,0.7166099028849382,0.25,1356,0.6666666666666667,66,0.6666666666666667,2,0.0,-0.08030233148186561,23553,1,0,12,0.0,1.0,0,-0.16451140099023315,6,1.0,0.48850772848886465,8,9,6,False,True,False,True,False,False,True,False,False,False,False,False,False,False,False,False,True,False,False,True
-1.3056792178158831,0,882,1.2101868302556114,0.0,1358,1.0,67,0.6666666666666667,1,1.0,-0.6021499001390359,9075,3,0,11,0.0,0.6666666666666667,3,-0.5502079870438897,6,0.3333333333333333,-0.6544537372115486,2,1,2,False,True,True,False,False,False,True,False,False,True,False,True,False,False,False,False,False,False,True,False
2.3078818762192883,1,601,-0.270543951856408,0.75,1360,0.6666666666666667,53,0.3333333333333333,3,0.0,0.7447522731988315,12023,7,1,14,0.0,1.0,0,2.535364701385363,0,0.3333333333333333,0.48850772848886465,9,5,9,False,True,True,False,False,False,True,False,False,False,False,False,False,True,False,False,False,False,True,False
0.33684855220010396,0,329,-1.0109093429124179,0.75,1361,0.3333333333333333,88,0.6666666666666667,1,0.3333333333333333,-0.8745475316612232,6762,3,0,22,1.0,0.6666666666666667,1,-0.5502079870438897,3,0.6666666666666667,-0.4911735278257753,2,0,3,False,True,True,False,True,False,False,False,False,True,False,True,False,False,False,False,False,False,True,False
-0.10115885313749257,0,607,-0.270543951856408,0.5,1362,0.0,83,1.0,2,0.0,-0.39604560795766164,2261,2,0,16,0.0,1.0,1,0.7354472998016324,2,0.3333333333333333,1.3049087754177313,7,6,13,True,False,False,True,False,True,False,False,False,False,False,False,False,False,False,False,True,False,True,False
1.2128633628752972,0,855,-0.6407266473844129,0.5,1363,1.0,54,0.6666666666666667,3,1.0,0.29642231804140917,18706,1,0,11,0.0,0.6666666666666667,0,-0.03594587230568093,2,0.6666666666666667,0.48850772848886465,9,0,8,False,True,True,False,True,False,False,False,False,True,False,False,False,True,False,False,False,False,False,True
-1.0866755151470848,0,1291,0.2230329755142651,0.5,1364,0.6666666666666667,98,1.0,1,1.0,-0.843313169856417,6527,8,0,14,0.0,0.3333333333333333,1,-0.8073390444129942,4,0.6666666666666667,-0.9810141559830953,0,0,0,False,True,False,True,False,False,True,False,False,False,False,False,False,False,False,False,False,True,True,False
1.5413689168784945,0,1405,0.2230329755142651,0.25,1367,1.0,82,0.3333333333333333,4,0.3333333333333333,1.4106603677312304,24439,3,0,16,0.0,0.3333333333333333,0,2.2782336440162587,1,0.3333333333333333,-0.32789331844000197,2,0,3,False,True,True,False,False,False,False,False,True,False,False,False,False,True,False,False,False,False,False,True
-2.072192177156677,0,1124,-1.0109093429124179,0.5,1368,1.0,97,0.6666666666666667,1,1.0,-1.0394309654063227,19305,1,0,15,0.0,0.6666666666666667,0,-1.4501666878357553,5,1.0,-1.1442943653688686,0,0,0,False,False,True,False,True,False,False,False,False,False,False,True,False,False,False,False,False,False,False,True
-0.2106607044718917,0,817,-1.0109093429124179,0.5,1369,1.0,60,0.3333333333333333,2,1.0,-0.24221106410269774,10846,0,0,12,0.0,0.3333333333333333,1,-0.16451140099023315,0,0.6666666666666667,0.32522751910309133,7,0,0,False,True,True,False,False,False,True,False,False,False,False,True,False,False,False,False,False,False,True,False
-1.0866755151470848,0,793,-0.8875151110697495,0.0,1371,1.0,43,0.0,2,1.0,-0.3042548304088434,20392,3,0,20,1.0,0.3333333333333333,0,-0.42164245835933756,3,0.6666666666666667,-0.16461310905422863,2,0,0,True,False,False,True,True,False,False,False,False,True,False,False,False,False,False,False,True,False,False,True
1.979376322216091,1,267,0.4698214391996017,0.75,1372,0.0,85,1.0,4,0.6666666666666667,1.528161062139787,9277,6,1,17,0.0,0.6666666666666667,0,1.6354060005934978,2,0.3333333333333333,1.9580296129608246,7,3,8,False,True,False,True,False,True,False,False,False,True,False,False,False,False,False,False,True,False,False,True
2.08887817355049,0,1369,1.7037637576262845,0.5,1373,1.0,68,0.6666666666666667,4,0.3333333333333333,1.465904817181908,18235,4,1,12,0.0,0.0,1,2.7924957587544674,0,0.6666666666666667,1.9580296129608246,16,15,9,False,True,True,False,True,False,False,False,False,True,False,False,False,True,False,False,False,False,True,False
-0.3201625558062908,0,999,2.0739464531542895,0.0,1374,0.0,92,0.3333333333333333,1,0.6666666666666667,-0.9506148889817717,15891,1,0,20,1.0,0.6666666666666667,3,-0.8073390444129942,2,0.6666666666666667,-0.32789331844000197,4,0,0,False,False,True,False,False,False,False,False,True,False,False,False,False,False,False,True,False,False,False,False
0.33684855220010396,0,1202,-0.8875151110697495,0.0,1375,0.3333333333333333,89,1.0,2,0.6666666666666667,-0.026757711245054973,13888,5,0,20,1.0,0.3333333333333333,3,0.4783162424325279,0,0.6666666666666667,0.8150681472604113,11,11,8,False,True,True,False,False,False,True,False,False,False,False,False,False,False,False,False,False,False,False,False
-0.3201625558062908,0,285,2.4441291486822943,0.5,1377,0.3333333333333333,86,0.6666666666666667,2,0.6666666666666667,-0.22818747308829496,17491,4,0,13,0.0,0.0,2,-0.16451140099023315,1,0.6666666666666667,0.16194730971731802,7,7,7,False,True,True,False,False,False,True,False,False,True,False,True,False,False,False,False,False,False,True,False
-0.6486681098094882,1,703,-0.8875151110697495,0.5,1379,0.6666666666666667,90,0.3333333333333333,1,1.0,-0.7899810282713399,11882,7,0,14,0.0,0.6666666666666667,0,-1.0644701017820986,3,1.0,-0.9810141559830953,0,0,0,True,False,False,True,True,False,False,False,False,False,False,False,False,False,False,False,False,True,False,True
-0.2106607044718917,1,662,1.0867925984129432,0.75,1380,1.0,67,0.6666666666666667,2,0.6666666666666667,-0.401357574250996,23288,0,1,18,0.0,0.6666666666666667,1,-0.8073390444129942,0,0.3333333333333333,-0.4911735278257753,2,3,2,True,False,False,True,False,True,False,False,False,False,False,False,False,False,False,False,True,False,True,False
0.11784484953130571,0,693,-0.270543951856408,0.5,1382,1.0,57,1.0,1,0.6666666666666667,-0.8271647923246805,15748,1,0,11,0.0,1.0,3,-0.9359045730975464,2,0.6666666666666667,-0.4911735278257753,2,0,3,True,False,True,False,True,False,False,False,False,True,False,False,False,False,False,True,False,False,False,False
-0.3201625558062908,0,404,-0.8875151110697495,0.75,1383,0.6666666666666667,98,0.6666666666666667,2,1.0,0.039110670792291434,6163,1,0,11,0.0,1.0,0,0.34975071374797573,2,1.0,1.141628566031958,11,4,11,False,True,True,False,False,False,False,False,True,False,False,False,False,False,False,False,False,False,False,True
-0.9771736638126857,0,736,2.0739464531542895,0.5,1387,0.6666666666666667,48,0.3333333333333333,2,0.0,-0.3779849225603247,24232,1,0,11,0.0,0.6666666666666667,1,-0.8073390444129942,0,0.6666666666666667,-0.32789331844000197,3,0,4,False,True,False,True,True,False,False,False,False,True,False,False,False,False,False,False,True,False,True,False
-0.6486681098094882,1,330,1.5803695257836163,0.75,1389,1.0,98,0.6666666666666667,2,0.6666666666666667,-0.06882848428826333,21057,1,1,15,0.0,1.0,2,-0.16451140099023315,3,0.3333333333333333,0.48850772848886465,2,6,7,False,True,True,False,False,False,True,False,False,True,False,False,False,True,False,False,False,False,True,False
0.22734670086570485,0,1498,1.456975293940948,0.75,1390,0.0,44,0.3333333333333333,2,1.0,-0.08136472474053248,3567,3,1,12,0.0,1.0,2,-0.42164245835933756,2,1.0,-0.32789331844000197,4,1,4,False,True,False,True,True,False,False,False,False,True,False,False,False,False,False,False,True,False,True,False
1.5413689168784945,0,541,-0.8875151110697495,0.5,1391,0.3333333333333333,52,0.6666666666666667,3,0.3333333333333333,0.8696897204180564,15395,2,0,11,0.0,0.3333333333333333,0,0.34975071374797573,5,0.6666666666666667,-0.4911735278257753,2,3,2,True,False,False,True,False,True,False,False,False,True,False,False,False,False,False,False,True,False,True,False
0.4463504035345031,0,1200,1.5803695257836163,0.5,1392,1.0,75,0.6666666666666667,2,1.0,-0.2201132843224267,13953,3,1,14,0.0,0.0,2,0.09261965637887129,4,0.3333333333333333,-0.16461310905422863,2,3,3,True,False,True,False,True,False,False,False,False,False,False,False,False,False,False,True,False,False,False,False
0.008342998196906572,0,1439,-0.6407266473844129,0.0,1394,0.6666666666666667,54,0.6666666666666667,1,0.6666666666666667,-0.7451480327555976,5182,7,1,15,0.0,1.0,0,-0.42164245835933756,2,0.6666666666666667,-0.16461310905422863,4,1,3,False,True,True,False,True,False,False,False,False,True,False,False,False,False,False,True,False,False,True,False
-0.42966440714069,0,1111,-0.5173324155417446,0.0,1395,0.3333333333333333,61,0.6666666666666667,2,1.0,0.7426274866814978,19293,6,0,13,0.0,0.0,0,-0.42164245835933756,2,1.0,-0.32789331844000197,4,1,2,True,False,False,True,True,False,False,False,False,True,False,False,False,False,False,False,True,False,True,False
-0.5391662584750891,0,499,-0.8875151110697495,0.0,1396,0.6666666666666667,36,0.6666666666666667,2,0.3333333333333333,-0.5152461315800853,20497,0,1,13,0.0,0.0,3,-0.9359045730975464,3,0.3333333333333333,-0.6544537372115486,2,1,2,False,True,False,True,False,True,False,False,False,True,False,False,False,False,False,False,True,False,True,False
0.22734670086570485,0,1485,1.950552221311621,0.25,1397,0.6666666666666667,71,0.6666666666666667,3,0.6666666666666667,0.93853280357967,3449,3,0,21,1.0,0.3333333333333333,1,0.2211851850634235,2,0.6666666666666667,-0.16461310905422863,4,0,5,False,False,True,False,True,False,False,False,False,True,False,False,False,False,False,False,False,False,True,False
-1.3056792178158831,0,1372,1.0867925984129432,0.0,1399,0.0,93,1.0,2,0.6666666666666667,-0.05756711574639442,12477,2,0,11,0.0,0.3333333333333333,0,-0.678773515728442,3,0.3333333333333333,-0.6544537372115486,2,1,2,False,True,False,True,True,False,False,False,False,True,False,False,False,False,False,False,True,False,True,False
1.6508707682128936,0,322,2.320734916839626,0.25,1401,1.0,59,1.0,4,0.6666666666666667,1.432970626163235,9731,2,1,11,0.0,0.3333333333333333,1,1.6354060005934978,3,0.3333333333333333,-0.32789331844000197,3,0,2,True,False,True,False,False,False,True,False,False,False,False,False,False,True,False,False,False,False,True,False
0.6653541062033014,0,930,-0.3939381836990763,0.5,1402,0.0,73,0.3333333333333333,2,0.6666666666666667,-0.5146086956248852,20003,1,1,14,0.0,0.0,0,1.121143885855289,3,0.0,2.1213098223465976,7,1,8,False,True,True,False,False,False,True,False,False,False,False,False,False,False,False,True,False,False,False,True
-1.0866755151470848,0,205,0.09963874367159682,0.5,1403,1.0,98,0.3333333333333333,2,1.0,-0.15594473149894728,7100,1,1,11,0.0,1.0,0,-0.678773515728442,3,0.6666666666666667,-0.16461310905422863,2,4,4,False,True,False,True,False,True,False,False,False,False,False,False,False,False,False,False,True,False,True,False
-1.0866755151470848,1,135,0.9633983665702748,0.75,1405,1.0,51,0.6666666666666667,1,0.6666666666666667,-0.8730601810990897,25681,1,1,13,0.0,1.0,0,-0.42164245835933756,2,0.6666666666666667,0.16194730971731802,2,7,7,False,True,True,False,True,False,False,False,False,False,False,False,False,False,False,True,False,False,False,True
-1.1961773664814839,0,683,-0.8875151110697495,0.0,1407,0.0,36,0.3333333333333333,1,1.0,-0.5522174169816926,4050,0,0,12,0.0,1.0,0,-0.8073390444129942,2,0.6666666666666667,-0.4911735278257753,3,1,1,False,True,True,False,False,False,True,False,False,True,False,False,False,False,False,True,False,False,False,True
0.5558522548689022,0,1147,0.09963874367159682,0.5,1408,0.6666666666666667,31,0.6666666666666667,4,0.0,2.1876947971201846,16616,0,0,14,0.0,0.6666666666666667,1,1.2497094145398413,5,0.6666666666666667,2.1213098223465976,7,0,9,False,True,False,False,False,False,False,False,False,False,False,False,True,False,False,False,False,False,True,False
1.6508707682128936,0,258,-0.14714972001373974,0.75,1409,0.6666666666666667,54,0.6666666666666667,1,0.0,-0.7549220507353328,17363,9,0,13,0.0,0.6666666666666667,0,0.09261965637887129,2,0.0,-0.32789331844000197,4,0,4,False,True,True,False,False,False,False,True,False,False,False,True,False,False,False,False,False,False,True,False
0.008342998196906572,0,1462,0.2230329755142651,0.5,1411,0.0,94,0.6666666666666667,1,0.6666666666666667,-0.6106490462083709,19106,4,0,18,0.0,0.0,0,-0.42164245835933756,6,0.6666666666666667,-0.6544537372115486,2,0,2,False,True,True,False,False,False,True,False,False,False,False,True,False,False,False,False,False,False,False,True
-0.2106607044718917,0,200,1.0867925984129432,0.25,1412,0.6666666666666667,60,0.6666666666666667,3,1.0,0.607491064179071,19944,2,0,11,0.0,0.6666666666666667,0,-0.16451140099023315,2,0.6666666666666667,-0.8177339465973219,2,2,2,True,False,True,False,True,False,False,False,False,True,False,False,False,True,False,False,False,False,False,True
-1.3056792178158831,0,949,-1.0109093429124179,0.5,1415,0.0,81,0.6666666666666667,1,1.0,-0.6956405069017211,4910,4,0,11,0.0,0.3333333333333333,1,-0.5502079870438897,2,0.3333333333333333,-0.6544537372115486,2,0,2,False,True,True,False,False,False,False,False,True,True,False,True,False,False,False,False,False,False,True,False
-1.1961773664814839,0,652,-0.270543951856408,0.5,1417,0.6666666666666667,100,1.0,1,0.0,-0.6214854574467731,23577,0,0,12,0.0,1.0,0,-0.42164245835933756,2,0.6666666666666667,-0.0013328996684553085,7,0,7,False,True,True,False,False,False,False,True,False,True,False,True,False,False,False,False,False,False,False,True
-0.8676718124782865,0,332,0.9633983665702748,0.5,1419,0.3333333333333333,51,0.3333333333333333,3,0.0,0.315545396697413,9769,1,0,13,0.0,0.0,0,-0.16451140099023315,3,0.3333333333333333,0.48850772848886465,9,0,9,False,True,False,False,False,False,False,True,False,True,True,False,False,False,False,False,False,False,False,True
1.3223652142096962,1,1475,2.320734916839626,0.25,1420,0.0,97,0.3333333333333333,2,0.0,-0.4714755293230099,22710,3,0,20,1.0,0.0,0,1.121143885855289,2,0.6666666666666667,-0.4911735278257753,3,1,3,True,False,True,False,True,False,False,False,False,True,False,True,False,False,False,False,False,False,False,True
-0.8676718124782865,1,337,0.59321567104227,0.0,1421,0.6666666666666667,84,0.6666666666666667,3,1.0,0.22311718319339463,22930,0,1,12,0.0,0.0,0,-0.2930769296747854,1,0.6666666666666667,0.16194730971731802,7,7,7,True,False,True,False,False,False,False,True,False,False,False,False,False,False,False,False,False,False,False,True
1.869874470881692,0,971,-1.0109093429124179,0.5,1422,1.0,54,0.6666666666666667,4,1.0,2.3000960038871403,5652,6,0,19,0.0,1.0,0,2.2782336440162587,3,0.3333333333333333,2.1213098223465976,7,12,7,False,True,True,False,False,False,True,False,False,False,False,False,False,False,True,False,False,False,False,True
2.3078818762192883,0,1055,-1.0109093429124179,0.5,1423,1.0,76,0.6666666666666667,5,0.0,2.8043078444504403,22456,3,1,21,1.0,0.6666666666666667,1,2.6639302300699153,3,0.6666666666666667,0.32522751910309133,8,1,5,False,True,True,False,False,False,True,False,False,False,False,False,False,False,True,False,False,False,True,False
1.979376322216091,0,1136,-1.0109093429124179,0.75,1424,0.3333333333333333,81,1.0,4,1.0,1.7485014239872974,12414,2,0,13,0.0,1.0,2,2.535364701385363,4,1.0,-0.0013328996684553085,7,0,0,False,True,True,False,False,False,True,False,False,True,False,False,False,False,True,False,False,False,False,False
-0.10115885313749257,0,1174,-0.7641208792270812,0.75,1425,0.0,99,0.6666666666666667,2,0.3333333333333333,0.5896428574334673,20763,3,1,16,0.0,1.0,0,0.4783162424325279,3,0.6666666666666667,-0.32789331844000197,4,0,1,False,True,False,True,False,True,False,False,False,False,False,False,False,False,False,False,True,False,False,True
-0.6486681098094882,1,667,-1.0109093429124179,0.75,1427,0.3333333333333333,50,0.0,1,0.6666666666666667,-1.0929755856431334,16154,1,0,12,0.0,0.3333333333333333,0,-1.3216011591512031,3,0.6666666666666667,-0.9810141559830953,0,0,0,True,False,False,True,True,False,False,False,False,False,False,False,False,False,False,False,False,True,False,True
-0.7581699611438873,0,855,-0.270543951856408,0.75,1428,1.0,73,0.6666666666666667,2,0.0,-0.36629859671498904,12761,7,0,14,0.0,0.3333333333333333,2,-0.42164245835933756,3,0.6666666666666667,-0.6544537372115486,2,0,2,False,True,False,True,False,True,False,False,False,False,False,False,False,False,False,False,True,False,False,False
-0.6486681098094882,0,182,-0.14714972001373974,1.0,1430,0.0,93,0.6666666666666667,4,0.3333333333333333,2.107590345416702,8847,3,0,11,0.0,0.6666666666666667,0,-0.2930769296747854,3,1.0,-0.6544537372115486,2,1,0,False,True,True,False,True,False,False,False,False,False,False,False,False,False,True,False,False,False,False,True
-0.3201625558062908,0,560,-1.0109093429124179,0.75,1431,1.0,91,0.6666666666666667,1,0.0,-0.7451480327555976,20284,5,0,14,0.0,0.6666666666666667,2,-0.16451140099023315,2,0.6666666666666667,-0.4911735278257753,3,1,3,True,False,True,False,False,False,False,True,False,True,False,False,False,False,False,True,False,False,False,False
-0.6486681098094882,1,202,-0.14714972001373974,0.5,1433,0.0,34,0.3333333333333333,1,0.3333333333333333,-1.113798493513004,22262,1,0,12,0.0,0.6666666666666667,0,-1.3216011591512031,3,1.0,-0.9810141559830953,0,0,0,False,True,True,False,True,False,False,False,False,False,False,False,False,False,False,True,False,False,False,True
-1.0866755151470848,0,1377,0.2230329755142651,0.0,1434,0.3333333333333333,91,0.6666666666666667,1,0.0,-0.9357413833604354,7679,0,0,14,0.0,0.3333333333333333,0,-0.678773515728442,3,1.0,-0.32789331844000197,0,1,4,False,True,True,False,True,False,False,False,False,True,False,True,False,False,False,False,False,False,True,False
-0.10115885313749257,0,172,-0.6407266473844129,0.75,1435,0.0,37,0.3333333333333333,2,1.0,-0.14723310677787887,22604,1,0,16,0.0,0.6666666666666667,0,-0.16451140099023315,2,0.3333333333333333,0.48850772848886465,4,1,8,False,True,True,False,True,False,False,False,False,True,False,True,False,False,False,False,False,False,False,True
-0.10115885313749257,0,329,0.8400041347276065,0.75,1436,0.6666666666666667,98,0.3333333333333333,2,0.0,-0.1818671270104191,13494,4,0,13,0.0,0.0,2,-0.03594587230568093,3,0.3333333333333333,-0.6544537372115486,2,0,2,False,True,False,True,False,True,False,False,False,False,False,False,False,False,False,False,True,False,True,False
1.103361511540898,0,465,-1.0109093429124179,0.5,1438,0.0,74,0.6666666666666667,1,1.0,-0.6550570844206464,10205,7,0,12,0.0,0.6666666666666667,1,0.7354472998016324,2,0.3333333333333333,-0.16461310905422863,5,1,2,False,True,True,False,False,False,False,False,True,True,False,False,False,False,False,True,False,False,True,False
-1.3056792178158831,1,383,-0.02375548817107146,0.25,1439,0.0,68,0.3333333333333333,1,0.0,-0.44682800572193837,15182,3,0,12,0.0,0.0,0,-0.678773515728442,2,0.6666666666666667,-0.6544537372115486,2,2,2,False,True,False,True,True,False,False,False,False,True,False,False,False,False,False,False,False,True,True,False
0.008342998196906572,0,1413,-0.5173324155417446,0.25,1440,0.6666666666666667,84,1.0,1,0.6666666666666667,-0.6380587922819764,25470,0,0,14,0.0,0.0,0,-0.5502079870438897,2,0.0,-0.16461310905422863,5,1,3,False,False,True,False,False,False,False,False,True,True,False,True,False,False,False,False,False,False,False,True
2.08887817355049,0,1255,-1.0109093429124179,0.25,1441,0.0,90,0.6666666666666667,1,0.0,-0.9427531788676368,10494,2,0,22,1.0,1.0,1,-0.8073390444129942,3,1.0,-0.6544537372115486,2,1,0,False,True,True,False,True,False,False,False,False,False,False,False,False,False,False,True,False,False,True,False
1.103361511540898,0,359,-0.8875151110697495,0.75,1443,0.0,82,0.6666666666666667,4,0.6666666666666667,2.2663118982615336,26703,3,0,19,0.0,0.3333333333333333,2,1.8925370579626022,2,1.0,2.1213098223465976,17,5,6,False,True,True,False,False,False,True,False,False,False,False,False,False,False,True,False,False,False,True,False
-1.4151810691502822,0,1476,-0.6407266473844129,0.0,1445,1.0,42,0.6666666666666667,2,0.6666666666666667,-0.49739792483448175,15211,1,1,12,0.0,0.6666666666666667,2,-0.8073390444129942,3,0.6666666666666667,-0.32789331844000197,4,0,3,False,True,False,True,False,False,True,False,False,False,False,False,False,False,False,False,True,False,True,False
-0.5391662584750891,0,601,-0.270543951856408,1.0,1446,1.0,97,0.6666666666666667,2,1.0,0.5739194372051976,23343,4,0,12,0.0,0.6666666666666667,1,-0.5502079870438897,3,0.3333333333333333,-0.4911735278257753,3,0,3,False,True,False,True,False,True,False,False,False,True,False,False,False,False,False,False,True,False,True,False
-0.3201625558062908,0,401,-1.0109093429124179,0.5,1447,1.0,86,0.3333333333333333,1,0.3333333333333333,-0.6818293945390517,3708,5,0,17,0.0,0.0,1,-0.5502079870438897,2,0.3333333333333333,-0.32789331844000197,4,0,2,False,True,True,False,True,False,False,False,False,False,False,True,False,False,False,False,False,False,True,False
0.4463504035345031,0,1283,-0.5173324155417446,1.0,1448,0.3333333333333333,90,1.0,1,0.6666666666666667,-0.9297919811119009,5561,2,1,12,0.0,0.0,0,-0.5502079870438897,5,0.3333333333333333,-0.4911735278257753,2,0,3,False,True,True,False,False,False,True,False,False,True,False,False,False,False,False,True,False,False,True,False
0.33684855220010396,0,663,-0.02375548817107146,0.75,1449,0.6666666666666667,81,0.6666666666666667,2,0.6666666666666667,-0.537131432708623,23099,3,0,11,0.0,0.6666666666666667,2,-0.03594587230568093,2,1.0,0.16194730971731802,7,0,7,False,False,True,False,False,False,False,True,False,True,False,True,False,False,False,False,False,False,False,False
-0.6486681098094882,0,326,-0.14714972001373974,0.25,1453,0.0,31,0.6666666666666667,3,1.0,0.9115480148095313,8386,1,0,18,0.0,0.0,1,0.2211851850634235,5,0.6666666666666667,0.9783483566461847,7,9,9,False,True,False,True,True,False,False,False,False,True,False,False,False,False,False,False,True,False,False,False
0.9938596602064987,1,377,-0.02375548817107146,0.5,1457,0.0,52,0.6666666666666667,3,1.0,0.7634503945513685,15986,4,0,11,0.0,0.0,1,2.1496681153317065,1,1.0,-0.0013328996684553085,7,4,3,False,True,False,True,False,True,False,False,False,True,False,False,False,False,False,False,True,False,False,False
0.22734670086570485,1,592,-0.8875151110697495,0.5,1458,0.0,54,0.3333333333333333,1,0.0,-0.6070369091289035,17181,2,1,23,1.0,0.3333333333333333,0,-0.03594587230568093,2,1.0,-0.9810141559830953,0,0,0,False,False,True,False,True,False,False,False,False,False,False,True,False,False,False,False,False,False,False,True
-0.6486681098094882,1,1445,-1.0109093429124179,1.0,1459,0.6666666666666667,100,1.0,3,0.3333333333333333,0.20038196745792344,8931,1,0,11,0.0,0.0,0,-0.16451140099023315,2,0.6666666666666667,0.48850772848886465,8,4,7,True,False,True,False,True,False,False,False,False,False,False,False,False,True,False,False,False,False,False,True
0.8843578088720997,0,1038,1.3335810620982798,0.5,1460,0.3333333333333333,95,0.0,3,0.0,0.923871776610067,19863,2,1,18,0.0,0.3333333333333333,1,1.6354060005934978,2,0.6666666666666667,-0.0013328996684553085,7,0,7,False,True,True,False,False,False,True,False,False,True,False,False,False,False,False,False,False,False,False,False
-0.6486681098094882,0,1398,-0.14714972001373974,0.25,1461,1.0,96,1.0,1,0.3333333333333333,-0.9336165968431016,24609,9,0,18,0.0,1.0,0,-0.42164245835933756,3,0.6666666666666667,-0.6544537372115486,2,0,2,False,True,False,False,False,False,True,False,False,False,True,False,False,False,False,False,False,False,False,True
-0.6486681098094882,1,523,-0.8875151110697495,0.5,1464,0.3333333333333333,94,0.6666666666666667,1,1.0,-0.5908885315971669,21081,6,1,13,0.0,0.6666666666666667,1,-0.5502079870438897,2,0.0,-0.8177339465973219,2,2,2,True,False,True,False,True,False,False,False,False,True,False,True,False,False,False,False,False,False,True,False
0.8843578088720997,0,1448,2.4441291486822943,0.5,1465,0.3333333333333333,55,0.6666666666666667,3,1.0,0.6113156799102717,14720,4,1,18,0.0,1.0,2,-0.16451140099023315,4,1.0,-0.6544537372115486,1,1,2,False,True,True,False,False,False,False,False,True,True,False,False,False,True,False,False,False,False,True,False
1.2128633628752972,0,1221,-0.270543951856408,0.5,1466,0.6666666666666667,96,0.6666666666666667,2,0.0,-0.21607618993949254,24795,4,0,11,0.0,0.0,3,0.4783162424325279,3,0.6666666666666667,-0.8177339465973219,2,2,2,False,True,False,True,False,True,False,False,False,True,False,False,False,False,False,False,True,False,False,False
-0.3201625558062908,1,1107,-0.02375548817107146,0.75,1467,0.0,52,0.6666666666666667,1,0.6666666666666667,-0.7991176102958749,3072,1,0,15,0.0,1.0,0,-1.193035630466651,0,0.6666666666666667,-0.8177339465973219,2,2,2,False,True,False,False,False,False,False,False,True,False,True,False,False,False,False,False,False,False,True,False
0.33684855220010396,0,218,-0.14714972001373974,0.0,1468,1.0,55,0.3333333333333333,3,0.3333333333333333,1.5413347385472562,25178,2,0,11,0.0,0.6666666666666667,1,0.6068817711170802,5,0.6666666666666667,0.32522751910309133,8,4,8,False,False,True,False,False,False,True,False,False,True,False,False,False,False,True,False,False,False,False,False
-0.9771736638126857,0,866,-0.5173324155417446,0.5,1469,1.0,84,0.6666666666666667,2,0.0,0.41647275627076635,23490,0,0,18,0.0,1.0,0,-0.678773515728442,4,0.6666666666666667,-0.32789331844000197,4,1,3,False,True,False,True,False,False,True,False,False,True,False,False,False,False,False,False,True,False,False,True
0.7748559575377005,0,981,-0.5173324155417446,0.5,1471,0.6666666666666667,90,0.3333333333333333,1,0.6666666666666667,-0.7098765765678573,7973,3,0,14,0.0,1.0,0,-0.5502079870438897,5,0.6666666666666667,-0.32789331844000197,2,0,3,False,False,True,False,True,False,False,False,False,True,False,True,False,False,False,False,False,False,False,True
1.7603726195472926,0,447,-0.8875151110697495,0.5,1472,1.0,39,1.0,4,0.3333333333333333,2.144986588121776,19764,4,0,12,0.0,0.3333333333333333,0,3.049626816123572,2,0.3333333333333333,0.32522751910309133,8,8,8,False,True,True,False,False,False,True,False,False,True,False,False,False,False,True,False,False,False,False,True
1.3223652142096962,0,1495,-0.5173324155417446,0.75,1473,0.0,96,0.6666666666666667,2,0.6666666666666667,0.031461439329889915,21534,2,0,14,0.0,0.3333333333333333,1,1.121143885855289,0,0.3333333333333333,-0.6544537372115486,2,1,2,False,True,True,False,False,False,False,False,True,True,False,False,False,False,False,False,False,False,True,False
0.33684855220010396,0,896,-0.8875151110697495,0.5,1474,0.6666666666666667,68,0.6666666666666667,1,0.6666666666666667,-0.883471635034025,8045,2,0,14,0.0,0.6666666666666667,1,-0.42164245835933756,3,1.0,-0.6544537372115486,1,1,2,False,True,True,False,False,False,True,False,False,True,False,False,False,False,False,True,False,False,False,False
0.7748559575377005,0,1467,1.3335810620982798,0.5,1475,1.0,49,0.6666666666666667,1,0.3333333333333333,-0.6550570844206464,21158,1,0,13,0.0,0.6666666666666667,0,-0.678773515728442,3,0.3333333333333333,-0.32789331844000197,2,1,3,False,True,True,False,True,False,False,False,False,True,False,False,False,False,False,True,False,False,False,True
-0.42966440714069,0,430,-0.270543951856408,0.5,1477,1.0,54,0.6666666666666667,2,0.0,-0.4525649293187395,17456,0,0,14,0.0,0.0,2,-0.8073390444129942,2,0.6666666666666667,-0.4911735278257753,3,0,3,True,False,False,True,False,False,True,False,False,True,False,False,False,False,False,False,True,False,True,False
-0.3201625558062908,0,1326,-0.7641208792270812,0.5,1478,1.0,81,0.0,2,0.0,-0.37054816974965654,15891,3,0,18,0.0,1.0,0,0.4783162424325279,2,0.6666666666666667,0.9783483566461847,9,3,12,False,True,False,True,False,False,False,True,False,True,False,False,False,False,False,False,True,False,False,True
-0.7581699611438873,0,1358,0.8400041347276065,0.0,1479,1.0,96,0.6666666666666667,2,0.6666666666666667,-0.255384740510167,2939,8,0,15,0.0,0.6666666666666667,2,-0.9359045730975464,2,0.3333333333333333,-0.8177339465973219,1,2,2,False,True,False,True,True,False,False,False,False,True,False,False,False,False,False,False,True,False,True,False
0.5558522548689022,0,748,-0.02375548817107146,0.25,1480,0.0,74,0.6666666666666667,1,1.0,-0.6012999855321024,16458,1,0,13,0.0,0.6666666666666667,0,0.09261965637887129,3,0.6666666666666667,0.8150681472604113,9,5,8,True,False,True,False,False,False,True,False,False,False,False,True,False,False,False,False,False,False,False,True
0.7748559575377005,0,383,-1.0109093429124179,1.0,1481,0.0,79,0.6666666666666667,2,0.6666666666666667,-0.36863586188405617,9282,7,0,12,0.0,0.6666666666666667,1,-0.03594587230568093,4,0.3333333333333333,-0.9810141559830953,0,0,0,True,False,False,True,False,True,False,False,False,False,False,False,False,False,False,False,True,False,True,False
-0.7581699611438873,0,990,-0.270543951856408,0.5,1482,0.6666666666666667,64,0.6666666666666667,1,0.6666666666666667,-1.1110362710404702,7152,1,0,13,0.0,0.3333333333333333,2,-1.3216011591512031,2,0.3333333333333333,-0.9810141559830953,0,0,0,False,False,True,False,False,False,False,False,True,True,False,False,False,False,False,True,False,False,False,False
2.1983800248848895,0,405,-1.0109093429124179,0.25,1483,0.3333333333333333,93,1.0,2,0.6666666666666667,-0.3405886798552506,2721,0,0,24,1.0,0.0,1,0.2211851850634235,2,0.3333333333333333,0.8150681472604113,9,2,8,False,True,True,False,True,False,False,False,False,True,False,False,False,False,False,True,False,False,True,False
1.3223652142096962,0,1490,-0.270543951856408,0.75,1484,0.6666666666666667,35,0.6666666666666667,3,0.3333333333333333,0.8420674956927175,20948,3,0,14,0.0,0.3333333333333333,2,2.2782336440162587,3,0.6666666666666667,0.16194730971731802,7,0,7,False,True,True,False,True,False,False,False,False,True,False,False,False,False,False,False,False,False,False,False
-0.3201625558062908,0,829,0.7166099028849382,0.5,1485,0.3333333333333333,71,0.6666666666666667,4,0.0,2.2318903566807267,11929,7,0,14,0.0,1.0,2,0.6068817711170802,3,0.3333333333333333,1.141628566031958,8,6,9,True,False,True,False,False,False,True,False,False,True,False,False,False,False,True,False,False,False,False,False
-0.9771736638126857,1,1496,-1.0109093429124179,0.5,1486,0.0,92,0.6666666666666667,1,0.6666666666666667,-0.7636336754564013,15747,3,0,15,0.0,1.0,1,-0.8073390444129942,3,1.0,-0.6544537372115486,2,1,2,True,False,False,True,False,False,False,False,True,True,False,False,False,False,False,False,False,True,True,False
-0.8676718124782865,1,115,0.4698214391996017,0.5,1487,0.0,51,0.6666666666666667,2,0.3333333333333333,-0.15679464610588079,17485,5,0,11,0.0,0.0,0,-0.5502079870438897,4,0.0,-0.32789331844000197,3,0,0,True,False,False,True,False,False,False,False,True,False,False,False,False,False,False,False,True,False,False,True
-0.3201625558062908,1,790,1.827157989468953,0.75,1489,0.0,40,0.3333333333333333,2,0.3333333333333333,-0.40454475402699663,7815,0,1,23,1.0,0.6666666666666667,0,0.6068817711170802,2,1.0,1.3049087754177313,9,10,10,False,True,False,True,False,False,True,False,False,False,False,False,False,False,False,False,True,False,False,True
-0.2106607044718917,0,660,-0.270543951856408,0.0,1492,1.0,76,0.6666666666666667,1,0.6666666666666667,-0.8709353945817558,16192,1,0,13,0.0,0.0,1,-1.3216011591512031,3,0.6666666666666667,-0.9810141559830953,0,0,0,False,True,False,True,True,False,False,False,False,True,False,False,False,False,False,False,False,True,True,False
-1.4151810691502822,1,381,-0.02375548817107146,0.5,1494,0.3333333333333333,89,0.6666666666666667,1,0.0,-0.7077517900505235,16998,2,1,11,0.0,0.6666666666666667,0,-0.9359045730975464,2,0.3333333333333333,-1.1442943653688686,0,0,0,True,False,True,False,False,False,True,False,False,True,False,True,False,False,False,False,False,False,False,True
-1.4151810691502822,0,830,0.4698214391996017,0.25,1495,1.0,78,0.6666666666666667,1,0.3333333333333333,-0.9497649743748382,7103,1,0,13,0.0,0.6666666666666667,1,-1.3216011591512031,2,0.6666666666666667,-0.9810141559830953,0,0,0,False,False,False,True,True,False,False,False,False,False,False,False,False,False,False,False,False,True,True,False
0.7748559575377005,0,1193,-0.8875151110697495,0.0,1496,0.3333333333333333,86,0.6666666666666667,3,0.6666666666666667,0.78746048219724,19719,5,1,18,0.0,0.3333333333333333,0,0.6068817711170802,2,0.3333333333333333,-0.8177339465973219,2,2,2,True,False,True,False,False,False,True,False,False,True,False,False,False,True,False,False,False,False,False,True
-0.8676718124782865,0,1246,1.2101868302556114,0.5,1497,0.6666666666666667,77,0.3333333333333333,2,0.6666666666666667,0.4498319045929063,23757,1,0,14,0.0,0.6666666666666667,2,-0.16451140099023315,3,0.6666666666666667,0.48850772848886465,7,0,4,False,True,False,True,True,False,False,False,False,True,False,False,False,False,False,False,True,False,False,False
-0.7581699611438873,0,330,-1.0109093429124179,0.5,1499,0.6666666666666667,46,0.6666666666666667,1,0.6666666666666667,-0.9431781361711036,15428,0,0,21,1.0,0.0,1,-0.678773515728442,3,1.0,-0.32789331844000197,3,1,3,False,True,False,False,True,False,False,False,False,True,True,False,False,False,False,False,False,False,False,False
1.979376322216091,0,1229,-0.6407266473844129,0.75,1501,1.0,30,0.6666666666666667,2,0.6666666666666667,-0.5243827136046204,16143,0,1,16,0.0,0.3333333333333333,0,-0.9359045730975464,2,0.6666666666666667,-0.6544537372115486,2,1,2,False,True,True,False,True,False,False,False,False,True,False,False,False,False,False,False,False,False,True,False
-0.42966440714069,0,1099,-0.6407266473844129,0.75,1502,0.0,82,0.3333333333333333,1,0.3333333333333333,-0.5662410079960954,8192,8,0,11,0.0,1.0,0,-0.42164245835933756,5,0.6666666666666667,-0.32789331844000197,4,0,2,False,True,True,False,False,False,True,False,False,False,False,True,False,False,False,False,False,False,True,False
1.103361511540898,0,571,0.59321567104227,0.5,1503,0.6666666666666667,78,0.6666666666666667,2,0.6666666666666667,-0.40624458324086365,24200,3,1,17,0.0,0.6666666666666667,1,-0.03594587230568093,4,0.3333333333333333,-0.32789331844000197,4,1,2,False,True,False,True,False,False,True,False,False,False,False,False,False,False,False,False,True,False,True,False
-0.9771736638126857,1,289,-0.8875151110697495,0.25,1504,0.6666666666666667,38,0.3333333333333333,1,0.0,-0.8375762462596159,5355,7,0,11,0.0,0.6666666666666667,0,-0.42164245835933756,2,0.3333333333333333,-1.1442943653688686,0,0,0,True,False,True,False,False,False,True,False,False,True,False,True,False,False,False,False,False,False,False,True
-0.9771736638126857,0,1423,-1.0109093429124179,0.5,1506,0.0,72,0.3333333333333333,1,0.6666666666666667,-1.0496299406895246,12530,1,0,14,0.0,1.0,1,-1.3216011591512031,2,0.0,-0.9810141559830953,0,0,0,False,True,True,False,True,False,False,False,False,True,False,False,False,False,False,True,False,False,False,False
-0.9771736638126857,0,467,-0.270543951856408,0.5,1507,0.6666666666666667,55,0.6666666666666667,2,0.0,-0.34101363715871735,11827,0,0,14,0.0,1.0,0,-0.8073390444129942,5,0.6666666666666667,-0.4911735278257753,2,1,3,True,False,False,True,True,False,False,False,False,True,False,False,False,False,False,False,True,False,False,True
1.3223652142096962,0,271,-0.7641208792270812,0.25,1509,0.6666666666666667,43,0.3333333333333333,2,0.0,-0.36417381019765527,23070,4,0,25,1.0,0.0,1,-0.16451140099023315,3,0.6666666666666667,-0.6544537372115486,2,1,2,False,True,True,False,False,False,True,False,False,False,False,True,False,False,False,False,False,False,True,False
-0.8676718124782865,0,410,-0.8875151110697495,0.0,1513,1.0,97,0.6666666666666667,1,0.3333333333333333,-0.7060519608366564,4668,0,0,13,0.0,0.6666666666666667,3,-0.9359045730975464,3,0.6666666666666667,-0.6544537372115486,2,0,2,True,False,True,False,True,False,False,False,False,False,False,True,False,False,False,False,False,False,True,False
-0.9771736638126857,0,1083,2.4441291486822943,0.0,1514,0.6666666666666667,96,0.0,2,0.3333333333333333,0.009788616853085616,3173,1,0,14,0.0,0.3333333333333333,2,-0.42164245835933756,2,0.3333333333333333,0.16194730971731802,6,1,7,False,True,True,False,True,False,False,False,False,True,False,False,False,True,False,False,False,False,True,False
-0.42966440714069,0,516,-0.14714972001373974,1.0,1515,1.0,69,0.6666666666666667,2,0.6666666666666667,-0.024420446075987843,22049,2,1,17,0.0,0.0,0,0.34975071374797573,6,0.6666666666666667,-1.1442943653688686,0,0,0,False,True,True,False,True,False,False,False,False,True,False,False,False,False,False,False,False,False,False,True
-0.5391662584750891,0,495,0.09963874367159682,0.5,1516,0.6666666666666667,64,0.6666666666666667,3,1.0,1.0073758867412836,21072,2,0,25,1.0,0.3333333333333333,0,-0.16451140099023315,5,1.0,-0.32789331844000197,2,0,0,False,True,True,False,False,False,True,False,False,True,False,False,True,False,False,False,False,False,False,True
1.869874470881692,0,1050,0.2230329755142651,0.75,1520,0.3333333333333333,87,0.6666666666666667,4,1.0,2.0247236712406855,24456,3,0,20,1.0,0.0,1,1.8925370579626022,2,0.6666666666666667,1.141628566031958,9,1,12,True,False,True,False,False,False,True,False,False,False,False,False,True,False,False,False,False,False,False,False
-0.8676718124782865,1,224,-1.0109093429124179,0.75,1522,0.0,100,0.3333333333333333,1,0.0,-0.8798594979545576,7568,6,0,13,0.0,0.6666666666666667,0,-0.03594587230568093,2,0.0,0.32522751910309133,7,0,7,False,True,True,False,False,False,False,False,True,True,False,False,False,False,False,True,False,False,False,True
0.7748559575377005,0,136,2.320734916839626,0.5,1523,1.0,32,0.6666666666666667,4,0.0,2.0876173521537646,22074,3,0,13,0.0,0.6666666666666667,1,1.6354060005934978,1,1.0,2.1213098223465976,6,14,17,False,True,True,False,True,False,False,False,False,True,False,False,False,False,True,False,False,False,True,False
0.22734670086570485,0,1089,-0.3939381836990763,0.5,1525,0.3333333333333333,32,0.6666666666666667,3,0.3333333333333333,0.3979871135699627,9150,4,0,18,0.0,1.0,0,-0.2930769296747854,3,0.6666666666666667,-0.8177339465973219,0,2,2,False,True,True,False,True,False,False,False,False,False,False,False,False,True,False,False,False,False,False,True
0.9938596602064987,0,228,-0.7641208792270812,0.5,1527,0.6666666666666667,51,0.6666666666666667,4,0.3333333333333333,2.1466864173356432,11380,8,0,12,0.0,1.0,1,1.5068404719089457,2,1.0,0.9783483566461847,12,5,1,False,True,False,True,True,False,False,False,False,False,False,False,True,False,False,False,False,False,True,False
-0.2106607044718917,0,1029,0.8400041347276065,0.5,1529,1.0,91,0.3333333333333333,3,0.3333333333333333,0.44685720346863905,21195,1,0,19,0.0,1.0,0,-0.03594587230568093,3,0.0,0.651787937874638,8,3,3,False,True,True,False,True,False,False,False,False,False,False,False,False,False,False,False,False,False,False,True
-1.5246829204846812,0,507,1.3335810620982798,0.0,1533,0.0,97,0.6666666666666667,2,0.6666666666666667,-0.8989825766105615,24812,0,0,14,0.0,0.3333333333333333,0,-0.8073390444129942,2,0.6666666666666667,-0.4911735278257753,3,1,2,False,True,True,False,True,False,False,False,False,True,False,True,False,False,False,False,False,False,False,True
0.33684855220010396,1,676,-0.02375548817107146,0.75,1534,1.0,86,0.6666666666666667,1,0.0,-0.9529521541508388,21831,3,0,14,0.0,0.3333333333333333,0,0.4783162424325279,3,0.0,-0.32789331844000197,4,1,0,False,True,True,False,True,False,False,False,False,True,False,True,False,False,False,False,False,False,False,True
-0.3201625558062908,0,971,-1.0109093429124179,0.5,1535,1.0,64,0.3333333333333333,3,0.6666666666666667,0.12325221687870815,12288,1,1,14,0.0,1.0,0,-0.16451140099023315,3,0.6666666666666667,0.48850772848886465,9,8,6,False,True,False,True,False,False,False,False,True,True,False,False,False,False,False,False,True,False,True,False
-0.6486681098094882,1,561,-0.7641208792270812,0.5,1537,1.0,33,0.6666666666666667,1,0.6666666666666667,-0.513971259669685,4156,1,0,12,0.0,0.0,0,-0.5502079870438897,2,0.0,-0.0013328996684553085,2,7,7,True,False,True,False,True,False,False,False,False,False,False,False,False,False,False,True,False,False,False,True
1.4318670655440953,0,333,1.5803695257836163,1.0,1539,0.6666666666666667,88,0.0,4,1.0,1.680295776780884,24450,1,1,13,0.0,1.0,0,2.6639302300699153,2,0.6666666666666667,4.080672334975878,6,13,9,True,False,True,False,False,False,True,False,False,True,False,False,False,False,True,False,False,False,False,True
-0.3201625558062908,0,1440,-0.270543951856408,0.25,1541,0.3333333333333333,55,0.6666666666666667,1,0.6666666666666667,-0.89133334514816,4944,0,1,25,1.0,0.3333333333333333,1,0.09261965637887129,4,0.6666666666666667,0.651787937874638,10,5,7,False,True,False,True,False,False,False,False,True,True,False,False,False,False,False,False,False,True,True,False
0.5558522548689022,0,1210,-0.8875151110697495,0.5,1542,0.6666666666666667,68,0.3333333333333333,1,0.3333333333333333,-0.35312492030751974,24052,4,0,14,0.0,0.3333333333333333,1,-0.9359045730975464,3,0.6666666666666667,-0.9810141559830953,0,0,0,False,True,True,False,False,False,True,False,False,True,False,True,False,False,False,False,False,False,True,False
0.008342998196906572,0,674,0.4698214391996017,0.5,1543,0.0,47,0.6666666666666667,2,1.0,-0.47126305067127655,3031,1,0,17,0.0,0.0,0,-0.16451140099023315,2,0.6666666666666667,0.48850772848886465,8,3,7,False,True,True,False,False,False,True,False,False,True,False,False,False,False,False,True,False,False,True,False
-0.8676718124782865,0,441,-0.14714972001373974,0.0,1544,0.6666666666666667,39,0.0,2,0.0,0.6824960282409525,7288,3,0,13,0.0,0.6666666666666667,1,-0.2930769296747854,3,0.6666666666666667,-0.0013328996684553085,7,0,7,False,True,True,False,False,False,False,True,False,False,False,False,False,False,False,False,False,False,True,False
-0.42966440714069,0,575,1.950552221311621,0.5,1545,1.0,44,0.3333333333333333,2,0.3333333333333333,-0.4638262978606084,24152,1,0,13,0.0,1.0,0,-0.8073390444129942,2,0.6666666666666667,-0.32789331844000197,3,0,2,False,True,True,False,True,False,False,False,False,True,False,False,False,True,False,False,False,False,False,True
0.8843578088720997,0,950,2.320734916839626,0.5,1546,1.0,97,0.6666666666666667,1,1.0,-0.928729587853234,4585,4,0,20,1.0,1.0,1,-0.42164245835933756,3,0.6666666666666667,-0.32789331844000197,4,0,3,False,True,True,False,False,False,False,False,True,True,False,False,False,False,False,True,False,False,True,False
0.5558522548689022,0,288,-0.8875151110697495,0.5,1547,1.0,40,0.6666666666666667,3,1.0,0.7693997967999031,18611,2,1,14,0.0,0.6666666666666667,1,1.6354060005934978,3,0.0,2.1213098223465976,8,13,9,True,False,True,False,True,False,False,False,False,True,False,False,False,False,False,False,False,False,True,False
0.33684855220010396,0,1342,-0.02375548817107146,0.25,1548,0.0,47,0.6666666666666667,2,0.0,-0.21883841241202642,19345,0,0,12,0.0,1.0,0,-0.2930769296747854,5,1.0,0.16194730971731802,4,7,1,False,True,False,True,False,False,True,False,False,True,False,False,False,False,False,False,True,False,True,False
-0.42966440714069,0,589,2.320734916839626,0.75,1549,0.3333333333333333,79,0.6666666666666667,2,0.6666666666666667,-0.2753577337731043,22949,1,1,12,0.0,0.3333333333333333,1,0.4783162424325279,3,0.6666666666666667,1.3049087754177313,14,5,7,False,True,True,False,True,False,False,False,False,True,False,True,False,False,False,False,False,False,True,False
0.33684855220010396,0,898,-0.3939381836990763,0.25,1550,0.6666666666666667,38,0.6666666666666667,4,1.0,2.110777525192703,17381,1,1,21,1.0,1.0,0,1.2497094145398413,2,0.6666666666666667,2.284590031732371,7,7,7,False,True,False,False,False,False,True,False,False,True,False,False,True,False,False,False,False,False,False,True
-1.4151810691502822,0,350,1.456975293940948,0.25,1551,0.6666666666666667,57,0.3333333333333333,1,0.0,-0.8938830889689604,10036,0,0,14,0.0,0.3333333333333333,3,-1.193035630466651,3,0.6666666666666667,-0.9810141559830953,1,0,0,False,True,True,False,False,False,False,False,True,True,False,True,False,False,False,False,False,False,False,False
0.33684855220010396,0,1142,-0.14714972001373974,0.25,1552,1.0,72,0.6666666666666667,2,1.0,-0.5171584394456856,8841,3,1,18,0.0,0.6666666666666667,0,-0.42164245835933756,2,0.6666666666666667,-0.8177339465973219,2,2,2,False,False,True,False,True,False,False,False,False,True,False,False,False,False,False,False,False,False,False,False
0.8843578088720997,0,538,-1.0109093429124179,0.75,1553,0.0,66,0.6666666666666667,3,0.3333333333333333,0.19931957419925658,20933,1,0,12,0.0,0.0,3,-0.16451140099023315,4,0.6666666666666667,0.48850772848886465,8,7,7,False,True,True,False,False,False,False,False,True,True,False,False,False,False,False,False,False,False,False,False
-0.2106607044718917,0,1402,2.320734916839626,0.75,1554,0.3333333333333333,98,0.3333333333333333,1,0.6666666666666667,-0.8654109496366881,26204,0,0,23,1.0,0.0,2,-0.678773515728442,5,0.6666666666666667,-0.32789331844000197,3,4,2,False,True,False,True,True,False,False,False,False,False,False,False,False,False,False,False,False,True,True,False
-0.5391662584750891,0,824,-0.5173324155417446,0.25,1555,1.0,67,0.3333333333333333,2,0.3333333333333333,-0.13278455846000936,15624,3,0,12,0.0,0.0,1,0.09261965637887129,2,0.6666666666666667,-0.0013328996684553085,1,2,5,False,True,True,False,True,False,False,False,False,False,False,False,False,False,False,True,False,False,True,False
-0.10115885313749257,0,1157,-0.8875151110697495,0.75,1556,0.6666666666666667,70,0.6666666666666667,1,1.0,-0.8199405181657458,17001,3,1,21,1.0,1.0,0,-0.5502079870438897,3,0.3333333333333333,-0.6544537372115486,2,1,2,False,True,False,True,True,False,False,False,False,True,False,False,False,False,False,False,False,True,False,True
1.2128633628752972,0,492,0.8400041347276065,0.75,1557,0.6666666666666667,96,0.6666666666666667,2,0.6666666666666667,-0.013584034837585692,13693,8,0,14,0.0,0.6666666666666667,1,0.8640128284861845,2,0.6666666666666667,0.16194730971731802,7,7,7,False,True,False,True,True,False,False,False,False,False,False,False,False,False,False,False,True,False,False,False
-0.8676718124782865,0,598,-0.02375548817107146,0.5,1558,0.6666666666666667,91,1.0,1,0.6666666666666667,-0.8609488979502873,22376,6,0,18,0.0,0.0,2,-0.8073390444129942,2,0.3333333333333333,-0.9810141559830953,0,0,0,False,True,True,False,True,False,False,False,False,True,False,False,False,False,False,True,False,False,True,False
-0.42966440714069,0,1242,-0.14714972001373974,0.75,1560,0.0,46,0.6666666666666667,2,0.0,-0.02357053146905434,10589,2,0,13,0.0,1.0,1,-0.42164245835933756,6,0.0,-0.8177339465973219,2,2,2,False,True,False,True,True,False,False,False,False,True,False,False,False,False,False,False,True,False,True,False
-0.7581699611438873,1,740,-1.0109093429124179,0.5,1562,0.3333333333333333,64,0.3333333333333333,2,0.0,0.6822835495892191,5323,1,0,11,0.0,1.0,1,-0.16451140099023315,4,0.6666666666666667,0.48850772848886465,8,6,7,False,True,False,True,True,False,False,False,False,True,False,False,False,False,False,False,True,False,True,False
0.11784484953130571,0,888,0.09963874367159682,0.75,1563,0.6666666666666667,71,0.6666666666666667,2,0.6666666666666667,-0.09050130676506762,14814,3,0,11,0.0,0.6666666666666667,0,-0.16451140099023315,2,0.6666666666666667,-0.16461310905422863,3,1,2,True,False,False,False,False,False,False,False,False,True,True,False,False,False,False,False,False,False,True,False
-0.2106607044718917,0,992,-1.0109093429124179,0.5,1564,1.0,68,0.3333333333333333,1,0.0,-0.8611613766020206,21731,1,0,19,0.0,0.3333333333333333,0,-1.0644701017820986,3,0.6666666666666667,-0.6544537372115486,0,1,2,False,True,True,False,False,False,True,False,False,True,False,True,False,False,False,False,False,False,False,True
-0.7581699611438873,0,1288,2.4441291486822943,0.75,1568,0.6666666666666667,33,0.6666666666666667,3,0.3333333333333333,0.5836934551849329,17799,3,0,12,0.0,0.3333333333333333,1,-0.2930769296747854,3,0.6666666666666667,-0.4911735278257753,2,1,3,False,True,False,True,False,False,False,False,True,True,False,False,False,False,False,False,True,False,True,False
-0.2106607044718917,1,104,-0.8875151110697495,0.5,1569,0.0,69,0.6666666666666667,1,0.0,-0.9410533496537699,26619,1,1,12,0.0,1.0,1,-1.3216011591512031,2,0.6666666666666667,-0.9810141559830953,0,0,0,False,True,True,False,True,False,False,False,False,False,False,True,False,False,False,False,False,False,False,False
1.7603726195472926,1,607,-0.8875151110697495,1.0,1572,0.6666666666666667,78,0.3333333333333333,3,1.0,0.778961336127905,14618,0,0,16,0.0,0.3333333333333333,1,2.9210612874390196,4,0.6666666666666667,4.243952544361651,7,1,9,False,True,True,False,False,False,False,False,True,False,False,False,False,True,False,False,False,False,True,False
0.11784484953130571,1,903,-0.8875151110697495,0.5,1573,0.6666666666666667,81,0.6666666666666667,2,0.3333333333333333,-0.3501502191832525,7653,4,0,11,0.0,0.0,2,-0.5502079870438897,2,0.6666666666666667,-0.32789331844000197,2,1,4,False,True,True,False,False,False,True,False,False,True,False,False,False,True,False,False,False,False,True,False
-0.5391662584750891,0,1200,-1.0109093429124179,0.75,1574,1.0,62,0.6666666666666667,2,0.0,-0.5133338237144849,25174,4,0,14,0.0,0.3333333333333333,1,-0.2930769296747854,3,0.3333333333333333,-0.16461310905422863,5,1,2,False,False,True,False,False,False,False,False,True,True,False,False,False,False,False,True,False,False,True,False
1.2128633628752972,0,1108,0.7166099028849382,0.75,1576,0.6666666666666667,65,0.6666666666666667,1,0.0,-0.8787971046958908,16530,8,0,12,0.0,1.0,1,-0.16451140099023315,3,0.3333333333333333,0.16194730971731802,2,7,6,False,True,True,False,False,False,False,True,False,False,False,False,False,False,False,True,False,False,True,False
-0.3201625558062908,0,479,-0.270543951856408,0.75,1577,0.0,35,0.6666666666666667,1,1.0,-0.7502475203971986,22061,1,0,13,0.0,0.6666666666666667,0,-1.3216011591512031,4,0.0,-0.9810141559830953,0,0,0,False,True,True,False,False,False,True,False,False,True,False,False,False,False,False,True,False,False,False,True
1.979376322216091,0,685,2.0739464531542895,1.0,1578,0.6666666666666667,60,0.3333333333333333,5,1.0,2.7798727995011023,23037,1,0,21,1.0,0.6666666666666667,1,3.1781923448081244,3,0.6666666666666667,4.733793172518971,6,2,13,False,True,False,True,False,True,False,False,False,True,False,False,True,False,False,False,False,False,True,False
-0.3201625558062908,0,1351,-1.0109093429124179,0.75,1580,0.3333333333333333,45,0.6666666666666667,2,1.0,-0.2165011472429593,13008,9,0,17,0.0,0.3333333333333333,1,-0.2930769296747854,3,0.3333333333333333,-0.8177339465973219,2,2,1,False,True,True,False,True,False,False,False,False,True,False,False,False,False,False,True,False,False,True,False
-1.1961773664814839,0,474,-0.7641208792270812,0.5,1581,0.0,89,0.6666666666666667,1,1.0,-0.9438155721263037,11133,1,0,21,1.0,0.0,0,-1.3216011591512031,5,0.6666666666666667,-0.9810141559830953,0,0,0,False,True,True,False,True,False,False,False,False,False,False,False,False,False,False,True,False,False,True,False
0.11784484953130571,0,1245,0.59321567104227,0.5,1582,0.6666666666666667,80,0.6666666666666667,2,0.3333333333333333,0.7269040664532279,12355,0,0,11,0.0,1.0,1,-0.16451140099023315,3,0.6666666666666667,0.32522751910309133,8,7,7,False,True,False,True,True,False,False,False,False,True,False,False,False,False,False,False,True,False,True,False
0.11784484953130571,0,437,0.8400041347276065,0.5,1583,0.3333333333333333,90,0.6666666666666667,2,0.3333333333333333,-0.4897486933720802,16379,2,0,12,0.0,0.3333333333333333,0,-0.42164245835933756,5,1.0,-0.6544537372115486,2,1,2,False,True,False,True,True,False,False,False,False,False,False,False,False,False,False,False,True,False,False,True
-0.10115885313749257,0,884,-1.0109093429124179,0.75,1585,0.3333333333333333,73,0.6666666666666667,2,0.6666666666666667,0.0663079382141635,21447,6,0,13,0.0,0.0,0,0.4783162424325279,5,0.6666666666666667,-0.9810141559830953,0,0,0,False,True,False,True,True,False,False,False,False,False,False,False,False,False,False,False,True,False,False,True
-0.8676718124782865,0,1370,-0.7641208792270812,0.0,1586,0.3333333333333333,87,0.6666666666666667,1,0.0,-0.3781974012120581,16213,1,1,18,0.0,1.0,0,-0.16451140099023315,3,0.6666666666666667,0.48850772848886465,9,1,5,False,True,True,False,False,False,True,False,False,True,False,True,False,False,False,False,False,False,False,True
-0.2106607044718917,0,670,0.09963874367159682,0.75,1587,0.0,51,0.6666666666666667,2,0.6666666666666667,-0.07669019440239822,4223,3,1,16,0.0,0.6666666666666667,0,-0.16451140099023315,4,0.6666666666666667,-0.32789331844000197,2,0,4,False,True,True,False,False,False,True,False,False,False,False,False,False,False,False,False,False,False,False,True
0.22734670086570485,0,1462,-0.3939381836990763,0.5,1588,1.0,38,1.0,3,0.6666666666666667,0.3684525809790235,4658,2,0,11,0.0,0.0,1,-0.03594587230568093,3,0.6666666666666667,-0.0013328996684553085,6,7,6,False,True,False,True,False,False,True,False,False,True,False,False,False,False,False,False,True,False,True,False
-0.8676718124782865,0,995,-0.8875151110697495,0.0,1590,0.0,87,0.6666666666666667,2,1.0,0.4993394304467828,24483,1,0,19,0.0,1.0,1,-0.678773515728442,0,1.0,-0.16461310905422863,4,1,3,True,False,True,False,True,False,False,False,False,True,False,False,False,False,False,False,False,False,False,False
1.4318670655440953,0,264,-0.02375548817107146,0.5,1591,0.6666666666666667,59,0.6666666666666667,5,0.6666666666666667,2.7256907433090913,19519,4,1,16,0.0,0.6666666666666667,1,2.0211025866471544,2,0.6666666666666667,-0.9810141559830953,0,0,0,False,True,False,True,False,True,False,False,False,True,False,False,True,False,False,False,False,False,True,False
-1.5246829204846812,0,977,0.09963874367159682,0.5,1592,1.0,45,1.0,1,0.6666666666666667,-0.9412658283055032,12826,2,0,16,0.0,1.0,1,-0.9359045730975464,2,0.6666666666666667,-0.8177339465973219,2,2,2,False,True,True,False,False,False,False,False,True,True,False,False,False,False,False,True,False,False,True,False
-0.10115885313749257,0,1302,-0.3939381836990763,0.75,1594,0.0,80,1.0,2,0.0,-0.199927812407756,19711,3,1,13,0.0,1.0,1,-0.2930769296747854,3,0.6666666666666667,-0.6544537372115486,2,0,2,True,False,True,False,True,False,False,False,False,True,False,True,False,False,False,False,False,False,True,False
0.5558522548689022,0,1059,-0.02375548817107146,0.25,1595,1.0,93,0.3333333333333333,5,1.0,2.7856097230979033,26362,8,0,22,1.0,1.0,0,1.6354060005934978,2,0.6666666666666667,-0.9810141559830953,0,0,1,False,True,True,False,False,False,False,True,False,True,False,False,True,False,False,False,False,False,False,True
-0.2106607044718917,0,750,2.320734916839626,0.5,1596,0.3333333333333333,46,1.0,2,0.6666666666666667,-0.6578193068931802,25348,1,0,17,0.0,1.0,2,-0.16451140099023315,3,0.3333333333333333,0.48850772848886465,9,6,8,False,True,True,False,True,False,False,False,False,True,False,True,False,False,False,False,False,False,True,False
-0.3201625558062908,0,653,0.09963874367159682,0.75,1597,1.0,92,0.3333333333333333,2,0.6666666666666667,-0.3059546596227104,15332,1,0,14,0.0,0.3333333333333333,1,-0.42164245835933756,3,0.3333333333333333,0.16194730971731802,2,7,7,True,False,True,False,False,False,False,False,True,True,False,False,False,False,False,False,False,False,True,False
0.33684855220010396,0,118,0.59321567104227,0.25,1598,1.0,84,0.6666666666666667,2,0.0,-0.39604560795766164,11262,1,0,15,0.0,0.6666666666666667,1,-0.8073390444129942,2,0.6666666666666667,-0.32789331844000197,4,1,2,False,True,False,True,True,False,False,False,False,False,False,False,False,False,False,False,True,False,True,False
0.6653541062033014,0,990,2.197340684996958,0.5,1599,1.0,87,1.0,1,0.3333333333333333,-0.3456881674968516,5855,5,0,12,0.0,0.6666666666666667,1,-0.42164245835933756,0,0.6666666666666667,-0.16461310905422863,4,0,2,False,True,True,False,False,False,False,False,True,True,False,True,False,False,False,False,False,False,False,False
-0.2106607044718917,0,1349,-0.270543951856408,0.25,1601,0.6666666666666667,63,0.3333333333333333,1,1.0,-0.8101665001860104,7713,1,0,18,0.0,1.0,1,-1.3216011591512031,5,0.3333333333333333,-0.9810141559830953,0,0,1,False,True,True,False,True,False,False,False,False,True,False,True,False,False,False,False,False,False,True,False
0.9938596602064987,0,563,-1.0109093429124179,0.75,1602,1.0,56,1.0,4,0.0,2.350878401651417,3156,1,0,15,0.0,0.3333333333333333,0,2.0211025866471544,5,0.0,3.1009910786612376,0,0,12,False,True,False,True,True,False,False,False,False,True,False,False,True,False,False,False,False,False,False,True
-0.9771736638126857,1,329,1.827157989468953,0.5,1604,0.6666666666666667,51,0.6666666666666667,1,0.3333333333333333,-0.8700854799748223,7324,1,1,17,0.0,0.6666666666666667,3,-1.3216011591512031,3,0.6666666666666667,-0.9810141559830953,1,0,0,False,True,True,False,False,False,True,False,False,True,False,True,False,False,False,False,False,False,True,False
-1.6341847718190805,0,457,2.0739464531542895,0.25,1605,0.3333333333333333,85,0.3333333333333333,1,0.6666666666666667,-0.783819147371072,10293,1,1,14,0.0,0.3333333333333333,0,-0.9359045730975464,2,0.3333333333333333,-0.4911735278257753,2,1,3,False,False,True,False,False,False,False,True,False,False,False,False,False,False,False,True,False,False,True,False
1.4318670655440953,0,1234,1.3335810620982798,1.0,1606,0.3333333333333333,41,0.6666666666666667,4,0.6666666666666667,1.007588365393017,20689,2,1,15,0.0,0.6666666666666667,1,2.6639302300699153,3,0.6666666666666667,3.754111916204331,8,12,13,True,False,True,False,False,False,True,False,False,True,False,False,False,False,False,False,False,False,True,False
-0.5391662584750891,0,634,-0.5173324155417446,0.75,1607,0.3333333333333333,35,1.0,1,1.0,-0.6780047788078509,18783,3,0,17,0.0,1.0,2,-0.678773515728442,3,0.6666666666666667,-0.6544537372115486,2,0,2,False,True,True,False,False,False,False,True,False,False,False,False,False,False,False,True,False,False,True,False
0.7748559575377005,0,1313,-0.270543951856408,0.5,1608,0.3333333333333333,31,0.6666666666666667,5,1.0,2.6657717635202793,3549,0,1,14,0.0,1.0,1,1.5068404719089457,4,0.3333333333333333,2.4478702411181446,7,1,10,False,True,True,False,False,False,True,False,False,False,False,False,False,False,True,False,False,False,False,False
-0.7581699611438873,0,241,-0.270543951856408,0.5,1609,0.3333333333333333,48,0.3333333333333333,1,0.3333333333333333,-0.9268172799876336,5348,1,0,12,0.0,0.3333333333333333,1,-0.678773515728442,3,0.3333333333333333,-0.16461310905422863,4,1,1,False,True,True,False,False,False,True,False,False,True,False,False,False,False,False,True,False,False,True,False
0.8843578088720997,0,1015,-0.5173324155417446,1.0,1611,0.6666666666666667,50,0.0,2,0.0,-0.15594473149894728,23447,1,1,14,0.0,0.0,0,-0.16451140099023315,3,0.6666666666666667,0.48850772848886465,7,1,4,False,True,True,False,False,False,True,False,False,False,False,True,False,False,False,False,False,False,False,True
0.8843578088720997,0,336,2.0739464531542895,0.5,1612,0.0,52,0.3333333333333333,2,0.0,-0.450015185497939,24162,1,0,15,0.0,0.0,1,-0.16451140099023315,2,0.6666666666666667,0.48850772848886465,7,4,5,False,False,False,True,False,True,False,False,False,True,False,False,False,False,False,False,True,False,True,False
-0.6486681098094882,0,715,-0.8875151110697495,0.75,1613,1.0,54,0.6666666666666667,2,0.0,-0.2487979023064324,21602,7,0,13,0.0,1.0,0,-0.16451140099023315,3,0.6666666666666667,-0.32789331844000197,2,0,3,True,False,False,True,False,False,False,True,False,True,False,False,False,False,False,False,True,False,False,True
-0.10115885313749257,0,559,0.3464272073569334,0.75,1614,0.6666666666666667,76,0.6666666666666667,2,0.6666666666666667,-0.3909461203160606,12421,9,1,12,0.0,0.3333333333333333,2,-0.5502079870438897,2,0.6666666666666667,-0.6544537372115486,2,1,1,False,True,True,False,True,False,False,False,False,False,False,False,False,True,False,False,False,False,True,False
-0.3201625558062908,0,426,0.09963874367159682,0.75,1615,0.6666666666666667,42,1.0,2,1.0,-0.3779849225603247,17000,1,0,13,0.0,0.0,1,-0.2930769296747854,3,0.6666666666666667,0.32522751910309133,7,7,2,True,False,True,False,True,False,False,False,False,True,False,False,False,True,False,False,False,False,False,False
1.3223652142096962,0,722,1.950552221311621,0.75,1617,0.6666666666666667,84,0.6666666666666667,1,0.0,-0.6994651226329218,22102,1,0,14,0.0,1.0,1,-0.16451140099023315,3,0.3333333333333333,0.32522751910309133,6,1,4,False,True,True,False,True,False,False,False,False,False,False,True,False,False,False,False,False,False,True,False
0.22734670086570485,0,1387,0.09963874367159682,1.0,1618,0.3333333333333333,76,0.6666666666666667,2,0.0,-0.23923636297843048,3835,2,0,13,0.0,1.0,3,-0.16451140099023315,3,0.6666666666666667,-0.0013328996684553085,7,7,7,False,True,True,False,False,False,True,False,False,True,False,False,False,True,False,False,False,False,True,False
-1.0866755151470848,0,1302,1.2101868302556114,0.5,1619,1.0,67,0.3333333333333333,1,0.0,-0.5177958754008858,16290,1,0,11,0.0,0.0,2,-0.5502079870438897,3,0.6666666666666667,-0.0013328996684553085,7,0,7,False,True,True,False,False,False,False,True,False,True,False,True,False,False,False,False,False,False,False,False
-0.2106607044718917,0,819,1.0867925984129432,1.0,1621,0.3333333333333333,48,1.0,2,0.0,-0.27514525512137095,26312,1,0,11,0.0,1.0,0,0.6068817711170802,2,0.6666666666666667,1.4681889848035046,15,1,10,False,True,True,False,True,False,False,False,False,True,False,False,False,False,False,True,False,False,True,False
-0.9771736638126857,0,580,2.197340684996958,0.5,1622,0.3333333333333333,39,0.0,2,0.0,-0.34547568884511826,20460,0,0,21,1.0,0.3333333333333333,1,-0.678773515728442,5,0.3333333333333333,-0.32789331844000197,3,0,0,False,True,True,False,False,False,True,False,False,False,False,False,False,True,False,False,False,False,False,False
-1.7436866231534796,0,546,-0.5173324155417446,0.0,1623,0.6666666666666667,97,0.6666666666666667,1,1.0,-0.7194381158958592,26009,1,0,18,0.0,0.6666666666666667,0,-1.0644701017820986,2,0.6666666666666667,-0.8177339465973219,2,2,2,False,True,True,False,False,False,True,False,False,True,False,False,False,False,False,True,False,False,False,True
-2.072192177156677,1,544,-0.7641208792270812,0.25,1624,0.3333333333333333,70,0.6666666666666667,1,1.0,-1.0483550687791245,18420,1,1,12,0.0,0.6666666666666667,0,-1.4501666878357553,2,1.0,-1.1442943653688686,0,0,0,True,False,False,True,False,False,True,False,False,False,False,False,False,False,False,False,False,True,False,True
1.103361511540898,0,1176,2.0739464531542895,0.75,1625,1.0,98,0.6666666666666667,5,0.6666666666666667,2.7951712624259053,5220,3,0,11,0.0,0.6666666666666667,1,2.0211025866471544,2,0.6666666666666667,-0.32789331844000197,2,1,0,False,True,False,False,True,False,False,False,False,False,False,False,True,False,False,False,False,False,True,False
0.22734670086570485,0,170,-0.7641208792270812,0.25,1627,0.6666666666666667,76,0.3333333333333333,2,0.6666666666666667,-0.7296370911790612,10302,0,0,15,0.0,1.0,1,-0.03594587230568093,3,0.6666666666666667,0.48850772848886465,8,0,7,False,True,True,False,False,False,True,False,False,True,False,True,False,False,False,False,False,False,False,False
0.33684855220010396,0,884,0.7166099028849382,0.5,1628,0.0,80,0.3333333333333333,3,0.6666666666666667,0.8354806574889828,25800,1,0,13,0.0,1.0,2,0.8640128284861845,2,0.6666666666666667,1.794749403575051,15,14,12,False,True,True,False,True,False,False,False,False,False,False,False,False,True,False,False,False,False,True,False
-0.2106607044718917,0,208,-0.14714972001373974,0.75,1630,0.6666666666666667,52,0.6666666666666667,2,0.6666666666666667,-0.500372625958749,12250,1,0,12,0.0,1.0,1,0.4783162424325279,5,0.6666666666666667,1.141628566031958,11,2,9,False,False,True,False,True,False,False,False,False,False,False,False,False,False,False,False,False,False,True,False
0.008342998196906572,0,671,1.2101868302556114,0.5,1631,0.6666666666666667,85,0.6666666666666667,2,0.6666666666666667,-0.15615721015068065,26493,3,0,17,0.0,0.0,3,-0.2930769296747854,2,0.3333333333333333,-0.4911735278257753,3,0,2,False,True,True,False,True,False,False,False,False,True,False,False,False,True,False,False,False,False,True,False
0.22734670086570485,0,711,-0.6407266473844129,0.5,1633,0.0,81,0.6666666666666667,2,0.6666666666666667,-0.3104167113091113,3140,0,0,13,0.0,1.0,0,-0.16451140099023315,2,0.0,0.32522751910309133,2,3,8,True,False,True,False,False,False,True,False,False,False,False,False,False,True,False,False,False,False,False,True
0.8843578088720997,0,1329,-0.8875151110697495,0.25,1635,1.0,59,0.3333333333333333,2,1.0,-0.1557322528472139,5388,1,0,19,0.0,0.0,2,-0.16451140099023315,3,0.6666666666666667,0.48850772848886465,7,3,9,False,True,True,False,False,False,False,True,False,False,False,False,False,True,False,False,False,False,False,False
0.11784484953130571,0,397,-0.8875151110697495,0.25,1638,1.0,54,0.3333333333333333,3,0.6666666666666667,0.2662503494952699,14199,3,1,19,0.0,1.0,1,-0.16451140099023315,6,1.0,-0.32789331844000197,4,0,2,False,True,True,False,False,False,True,False,False,False,False,False,False,True,False,False,False,False,True,False
-0.2106607044718917,1,737,0.09963874367159682,0.5,1639,1.0,55,0.3333333333333333,3,0.0,0.8080709114153775,21530,9,0,17,0.0,0.6666666666666667,0,0.4783162424325279,3,0.6666666666666667,0.9783483566461847,12,6,0,False,True,False,True,False,False,True,False,False,True,False,False,False,False,False,False,True,False,True,False
0.008342998196906572,0,1470,0.09963874367159682,0.5,1640,0.3333333333333333,71,0.6666666666666667,1,0.3333333333333333,-0.5454181001262246,9953,1,0,11,0.0,0.0,1,-0.42164245835933756,2,0.0,0.16194730971731802,4,7,7,False,True,True,False,False,False,True,False,False,False,False,False,False,False,False,True,False,False,True,False
0.33684855220010396,0,448,0.8400041347276065,0.5,1641,0.6666666666666667,84,0.6666666666666667,3,1.0,0.30640881467287784,19948,6,1,15,0.0,1.0,0,0.8640128284861845,2,0.3333333333333333,-0.4911735278257753,2,3,3,False,True,True,False,True,False,False,False,False,False,False,False,False,True,False,False,False,False,False,True
0.7748559575377005,0,602,-1.0109093429124179,1.0,1642,0.0,37,0.6666666666666667,2,1.0,-0.16146917644401504,10503,4,1,11,0.0,0.6666666666666667,0,0.34975071374797573,3,0.6666666666666667,0.48850772848886465,7,0,2,True,False,False,False,False,False,False,False,False,True,True,False,False,False,False,False,False,False,True,False
1.2128633628752972,0,365,-0.6407266473844129,1.0,1644,0.6666666666666667,89,0.3333333333333333,4,1.0,1.848366390301984,5602,2,0,25,1.0,0.3333333333333333,1,1.5068404719089457,3,0.6666666666666667,-0.8177339465973219,2,2,2,True,False,True,False,False,False,True,False,False,True,False,False,True,False,False,False,False,False,True,False
-0.2106607044718917,1,763,0.7166099028849382,0.25,1645,0.0,59,0.0,2,1.0,-0.22585020791922783,22098,6,1,14,0.0,1.0,2,-0.5502079870438897,2,0.3333333333333333,-0.8177339465973219,2,2,2,False,True,False,True,False,False,True,False,False,True,False,False,False,False,False,False,True,False,False,False
-1.4151810691502822,0,567,-0.8875151110697495,0.0,1646,0.0,32,0.6666666666666667,1,1.0,-0.5828143428312987,17218,1,1,13,0.0,0.6666666666666667,0,-0.678773515728442,2,0.6666666666666667,-0.16461310905422863,3,1,3,True,False,True,False,False,False,False,False,True,False,False,False,False,False,False,True,False,False,False,True
-1.0866755151470848,0,486,-0.14714972001373974,0.5,1647,0.3333333333333333,86,1.0,1,0.6666666666666667,-0.634446655202509,22490,7,0,17,0.0,0.0,0,-0.8073390444129942,0,0.6666666666666667,-0.6544537372115486,2,0,2,False,True,True,False,False,False,True,False,False,False,False,False,False,False,False,True,False,False,True,False
-1.0866755151470848,0,591,-0.8875151110697495,0.5,1648,1.0,87,0.6666666666666667,1,1.0,-0.8335391518766818,6297,2,0,13,0.0,0.6666666666666667,0,-0.678773515728442,0,0.3333333333333333,-0.4911735278257753,2,1,2,True,False,True,False,False,False,True,False,False,True,False,False,False,False,False,True,False,False,False,True
0.33684855220010396,1,1329,-0.270543951856408,0.5,1649,0.0,73,0.6666666666666667,1,0.0,-0.9215053136942992,3339,3,1,14,0.0,0.3333333333333333,0,-0.16451140099023315,3,0.0,-0.4911735278257753,2,0,3,False,True,True,False,True,False,False,False,False,True,False,True,False,False,False,False,False,False,False,True
-0.8676718124782865,0,469,0.09963874367159682,0.5,1650,0.6666666666666667,42,0.3333333333333333,2,0.6666666666666667,-0.13469686632560973,23413,9,0,11,0.0,0.6666666666666667,0,-0.42164245835933756,2,0.6666666666666667,-0.32789331844000197,2,1,4,False,True,False,True,False,False,True,False,False,True,False,False,False,False,False,False,True,False,False,True
-0.10115885313749257,0,711,-0.5173324155417446,0.75,1651,0.3333333333333333,42,0.6666666666666667,3,0.0,0.3197949697320805,22792,4,0,12,0.0,0.6666666666666667,2,-0.2930769296747854,6,0.6666666666666667,-0.6544537372115486,2,0,2,False,True,True,False,True,False,False,False,False,False,False,False,False,False,False,False,False,False,True,False
-1.3056792178158831,0,772,-0.8875151110697495,0.0,1653,1.0,77,1.0,2,0.6666666666666667,-0.2755702124248377,4973,1,0,17,0.0,0.6666666666666667,2,-0.5502079870438897,6,0.6666666666666667,-0.0013328996684553085,7,0,7,True,False,True,False,True,False,False,False,False,True,False,False,False,True,False,False,False,False,False,False
0.22734670086570485,0,492,0.3464272073569334,0.5,1654,1.0,66,0.6666666666666667,2,0.3333333333333333,-0.2566596124205673,7693,4,0,21,1.0,0.6666666666666667,0,-0.5502079870438897,3,0.6666666666666667,-0.32789331844000197,4,1,0,False,True,True,False,False,False,True,False,False,True,False,False,False,True,False,False,False,False,True,False
1.3223652142096962,0,301,1.5803695257836163,0.75,1655,0.0,72,0.6666666666666667,4,0.3333333333333333,2.1056780375511015,3498,3,0,16,0.0,0.3333333333333333,2,2.0211025866471544,2,0.6666666666666667,-0.4911735278257753,2,1,2,False,True,True,False,False,False,False,True,False,False,False,False,False,False,True,False,False,False,True,False
1.4318670655440953,0,813,0.9633983665702748,1.0,1656,1.0,50,0.3333333333333333,3,0.0,1.437645156501369,21981,5,0,15,0.0,0.6666666666666667,3,0.9925783571707368,3,0.6666666666666667,1.141628566031958,11,1,11,False,True,True,False,True,False,False,False,False,False,False,False,False,False,True,False,False,False,False,False
-1.8531884744878788,0,1141,-0.8875151110697495,0.5,1657,0.6666666666666667,31,0.6666666666666667,1,0.6666666666666667,-0.7904059855748066,13251,1,0,19,0.0,0.0,0,-1.193035630466651,3,0.6666666666666667,-0.8177339465973219,2,2,2,False,True,False,True,False,False,True,False,False,False,False,False,False,False,False,False,False,True,False,True
-0.3201625558062908,0,1130,-0.7641208792270812,0.5,1658,1.0,66,0.6666666666666667,2,0.3333333333333333,-0.22733755848136145,19332,1,0,12,0.0,0.6666666666666667,1,-0.03594587230568093,2,0.6666666666666667,0.651787937874638,8,7,9,False,True,True,False,True,False,False,False,False,False,False,False,False,False,False,True,False,False,False,False
-0.10115885313749257,0,311,-0.270543951856408,0.5,1659,0.0,77,0.6666666666666667,1,0.3333333333333333,-0.9540145474095058,10950,2,0,11,0.0,0.6666666666666667,0,0.4783162424325279,4,0.6666666666666667,-0.4911735278257753,3,1,3,False,True,True,False,True,False,False,False,False,True,False,True,False,False,False,False,False,False,False,True
1.3223652142096962,0,465,-0.3939381836990763,0.0,1661,0.6666666666666667,41,0.3333333333333333,4,0.6666666666666667,1.5857427767595318,11652,2,1,19,0.0,0.3333333333333333,1,2.406799172700811,3,0.6666666666666667,1.3049087754177313,11,2,12,False,True,True,False,True,False,False,False,False,False,False,False,False,False,False,False,False,False,True,False
-0.10115885313749257,0,894,-1.0109093429124179,0.75,1662,1.0,33,0.3333333333333333,2,0.6666666666666667,-0.45235245066700613,15411,0,0,15,0.0,0.6666666666666667,0,-0.9359045730975464,6,0.6666666666666667,-0.6544537372115486,2,1,2,False,False,True,False,False,False,True,False,False,False,False,False,False,True,False,False,False,False,True,False
-0.10115885313749257,0,1040,-0.7641208792270812,0.25,1664,1.0,79,1.0,2,0.0,0.07204486181096464,26308,6,0,20,1.0,0.0,1,0.2211851850634235,3,0.6666666666666667,-0.32789331844000197,4,0,4,False,True,True,False,True,False,False,False,False,True,False,False,False,False,False,False,False,False,False,False
1.869874470881692,0,584,1.5803695257836163,1.0,1665,0.3333333333333333,91,0.6666666666666667,4,0.6666666666666667,2.320918911757011,18685,3,0,25,1.0,0.6666666666666667,1,3.1781923448081244,6,0.6666666666666667,0.48850772848886465,8,4,7,False,True,True,False,False,False,True,False,False,False,False,False,True,False,False,False,False,False,True,False
0.6653541062033014,0,1291,0.7166099028849382,0.25,1666,0.6666666666666667,65,0.3333333333333333,4,0.6666666666666667,2.3585276331138187,3525,1,0,24,1.0,0.0,1,0.34975071374797573,3,0.6666666666666667,1.141628566031958,10,6,11,False,True,True,False,True,False,False,False,False,True,False,False,False,False,True,False,False,False,True,False
-0.2106607044718917,1,880,0.3464272073569334,0.75,1667,1.0,36,0.6666666666666667,2,1.0,-0.4083693697581974,10414,3,1,24,1.0,0.0,0,0.2211851850634235,2,1.0,0.651787937874638,9,6,7,True,False,False,True,False,False,False,True,False,True,False,False,False,False,False,False,True,False,False,True
0.11784484953130571,0,1189,-1.0109093429124179,0.5,1668,1.0,90,0.6666666666666667,2,1.0,-0.37564765739125755,9867,7,0,15,0.0,1.0,2,0.9925783571707368,4,1.0,0.9783483566461847,11,2,9,True,False,True,False,True,False,False,False,False,True,False,False,False,False,False,True,False,False,True,False
-0.8676718124782865,0,991,-0.5173324155417446,0.5,1669,0.0,43,0.3333333333333333,2,0.3333333333333333,-0.49208595854114734,3356,1,1,13,0.0,0.3333333333333333,1,-0.16451140099023315,3,0.3333333333333333,0.48850772848886465,0,0,9,False,True,False,True,False,False,True,False,False,True,False,False,False,False,False,False,True,False,False,False
-0.42966440714069,0,392,-0.8875151110697495,0.75,1670,1.0,93,0.6666666666666667,2,1.0,-0.21203909555655842,3921,1,0,14,0.0,0.6666666666666667,2,-0.678773515728442,5,0.6666666666666667,-0.16461310905422863,2,0,4,False,True,False,True,False,False,True,False,False,True,False,False,False,False,False,False,True,False,False,False
-0.5391662584750891,0,977,-0.8875151110697495,0.5,1671,1.0,45,0.6666666666666667,2,0.3333333333333333,-0.21947584836722656,25518,0,0,13,0.0,0.6666666666666667,2,-0.16451140099023315,4,0.3333333333333333,0.32522751910309133,5,1,6,False,True,True,False,False,False,True,False,False,True,False,False,False,False,False,True,False,False,False,False
-0.6486681098094882,0,1112,-0.5173324155417446,0.75,1673,0.0,67,0.6666666666666667,2,1.0,-0.21820097645682632,22589,1,0,11,0.0,0.0,2,-0.16451140099023315,2,0.6666666666666667,0.48850772848886465,0,0,2,False,True,False,True,True,False,False,False,False,False,False,False,False,False,False,False,True,False,True,False
1.3223652142096962,0,464,0.8400041347276065,0.5,1674,1.0,74,0.6666666666666667,1,0.0,-0.8320518013145481,24941,4,1,16,0.0,0.3333333333333333,1,0.7354472998016324,2,0.3333333333333333,-0.8177339465973219,2,2,2,False,True,True,False,False,False,True,False,False,False,False,True,False,False,False,False,False,False,False,False
0.11784484953130571,0,148,-0.8875151110697495,0.5,1675,1.0,42,0.3333333333333333,1,0.3333333333333333,-0.8632861631193544,23826,1,0,22,1.0,0.3333333333333333,0,-0.9359045730975464,3,0.6666666666666667,-0.4911735278257753,3,3,3,True,False,True,False,False,False,True,False,False,False,False,True,False,False,False,False,False,False,False,True
1.103361511540898,0,1225,-0.8875151110697495,0.75,1676,0.3333333333333333,47,1.0,4,0.3333333333333333,2.011974952136683,21086,6,0,14,0.0,0.6666666666666667,3,2.2782336440162587,2,0.6666666666666667,-0.6544537372115486,2,1,2,False,True,False,True,True,False,False,False,False,False,False,False,True,False,False,False,False,False,False,False
1.3223652142096962,0,809,-1.0109093429124179,0.5,1677,0.6666666666666667,36,0.6666666666666667,4,0.6666666666666667,1.8859751116587913,22384,4,0,14,0.0,0.0,0,1.5068404719089457,2,0.6666666666666667,0.16194730971731802,7,0,0,False,True,True,False,True,False,False,False,False,True,False,False,True,False,False,False,False,False,False,True
0.4463504035345031,0,1206,1.7037637576262845,0.25,1678,1.0,80,0.6666666666666667,3,0.6666666666666667,0.12303973822697477,11591,3,1,16,0.0,1.0,0,1.2497094145398413,2,0.6666666666666667,-0.8177339465973219,0,0,2,False,True,False,True,True,False,False,False,False,True,False,False,False,False,False,False,True,False,False,True
-1.8531884744878788,0,727,-0.02375548817107146,0.0,1680,1.0,54,0.6666666666666667,1,0.0,-0.8020923114201423,21082,1,0,11,0.0,0.0,0,-1.193035630466651,3,0.6666666666666667,-0.8177339465973219,2,0,2,False,True,False,True,True,False,False,False,False,True,False,False,False,False,False,False,False,True,False,True
-0.42966440714069,0,530,0.8400041347276065,0.5,1681,0.6666666666666667,36,0.6666666666666667,2,1.0,-0.24114867084403085,16130,1,1,25,1.0,0.6666666666666667,1,-0.5502079870438897,2,0.6666666666666667,-0.16461310905422863,5,1,2,False,False,False,True,True,False,False,False,False,False,False,False,False,False,False,False,True,False,False,False
-0.10115885313749257,0,1351,2.0739464531542895,0.75,1682,0.0,80,0.6666666666666667,2,0.6666666666666667,-0.24561072253043176,7419,6,0,14,0.0,0.3333333333333333,2,-0.16451140099023315,2,0.3333333333333333,-0.6544537372115486,2,0,2,False,True,True,False,True,False,False,False,False,True,False,False,False,False,False,False,False,False,True,False
0.7748559575377005,0,528,-1.0109093429124179,0.5,1683,0.6666666666666667,44,0.6666666666666667,1,1.0,-0.7028647810606559,4167,4,1,18,0.0,0.0,3,-0.42164245835933756,2,0.6666666666666667,-0.8177339465973219,2,2,2,False,True,False,False,True,False,False,False,False,False,True,False,False,False,False,False,False,False,False,False
-1.5246829204846812,1,1320,-0.14714972001373974,0.0,1684,1.0,93,0.3333333333333333,1,0.6666666666666667,-0.5341567315843557,20586,1,1,11,0.0,0.0,0,-0.8073390444129942,2,0.6666666666666667,-0.32789331844000197,4,1,2,False,True,True,False,False,False,True,False,False,True,False,True,False,False,False,False,False,False,False,True
0.11784484953130571,0,1495,-0.6407266473844129,0.25,1687,1.0,87,0.6666666666666667,1,0.6666666666666667,-0.6792796507182511,26176,7,0,19,0.0,1.0,1,-0.5502079870438897,5,0.3333333333333333,-1.1442943653688686,0,0,0,False,True,True,False,False,False,True,False,False,False,False,True,False,False,False,False,False,False,True,False
1.7603726195472926,0,1395,1.827157989468953,0.75,1689,0.3333333333333333,48,1.0,3,1.0,0.10667888204350486,3458,3,0,15,0.0,0.6666666666666667,0,-0.03594587230568093,2,0.6666666666666667,-0.4911735278257753,3,1,2,False,True,True,False,False,False,True,False,False,True,False,False,False,False,False,False,False,False,True,False
1.2128633628752972,1,708,-0.270543951856408,0.25,1691,1.0,95,0.6666666666666667,1,0.6666666666666667,-0.8176032529966786,11740,2,1,11,0.0,0.6666666666666667,2,0.9925783571707368,3,0.6666666666666667,0.32522751910309133,7,7,7,True,False,False,True,False,False,True,False,False,False,False,False,False,False,False,False,False,True,True,False
-0.5391662584750891,1,1259,-0.8875151110697495,0.75,1692,1.0,95,0.6666666666666667,1,0.3333333333333333,-1.0857513114841986,24852,1,0,12,0.0,0.0,0,-1.3216011591512031,2,0.6666666666666667,-0.9810141559830953,0,0,0,False,True,True,False,True,False,False,False,False,True,False,True,False,False,False,False,False,False,False,True
-1.1961773664814839,0,786,-0.270543951856408,0.5,1693,1.0,76,0.6666666666666667,1,1.0,-0.8356639383940155,11925,1,0,20,1.0,0.6666666666666667,0,-0.5502079870438897,5,0.6666666666666667,-0.0013328996684553085,7,5,7,False,False,True,False,False,False,True,False,False,True,False,True,False,False,False,False,False,False,False,True
1.979376322216091,0,1441,1.5803695257836163,0.5,1694,0.0,94,0.3333333333333333,1,0.3333333333333333,-0.6301970821678414,23737,5,0,12,0.0,1.0,1,-0.42164245835933756,1,0.6666666666666667,-0.4911735278257753,2,1,2,False,True,True,False,False,False,False,False,True,True,False,False,False,False,False,True,False,False,False,False
-0.3201625558062908,0,1157,-0.5173324155417446,0.25,1696,0.3333333333333333,57,0.3333333333333333,2,1.0,-0.5347941675395558,11912,1,0,14,0.0,0.6666666666666667,1,0.4783162424325279,3,1.0,1.3049087754177313,10,4,13,False,True,True,False,False,False,True,False,False,True,False,True,False,False,False,False,False,False,True,False
2.526885578888087,0,370,-1.0109093429124179,0.75,1697,0.6666666666666667,92,0.0,3,1.0,0.9306710934655351,20467,3,0,20,1.0,0.6666666666666667,1,0.9925783571707368,2,1.0,-0.9810141559830953,0,0,0,False,True,True,False,False,False,True,False,False,True,False,False,False,False,False,False,False,False,False,False
-0.42966440714069,0,267,1.456975293940948,0.5,1698,0.3333333333333333,79,1.0,1,0.3333333333333333,-0.9508273676335051,13637,1,0,18,0.0,1.0,3,0.34975071374797573,6,0.6666666666666667,1.141628566031958,11,2,13,False,True,True,False,False,False,True,False,False,True,False,True,False,False,False,False,False,False,True,False
0.008342998196906572,0,1278,-1.0109093429124179,0.75,1700,0.6666666666666667,31,0.0,2,1.0,0.6421250844116111,7677,1,0,14,0.0,0.6666666666666667,2,-0.678773515728442,2,0.3333333333333333,-0.16461310905422863,3,1,3,True,False,False,True,False,False,True,False,False,True,False,False,False,False,False,False,True,False,False,False
-0.3201625558062908,0,678,1.2101868302556114,0.5,1701,0.3333333333333333,35,0.3333333333333333,1,1.0,-0.7593841024217337,20338,1,0,12,0.0,0.3333333333333333,0,-0.16451140099023315,3,0.6666666666666667,0.48850772848886465,9,8,7,False,True,True,False,True,False,False,False,False,False,False,False,False,False,False,True,False,False,True,False
-1.5246829204846812,1,427,-0.270543951856408,0.5,1702,0.6666666666666667,99,0.6666666666666667,1,1.0,-0.8983451406553613,25103,1,1,21,1.0,0.3333333333333333,1,-1.0644701017820986,2,0.6666666666666667,-0.6544537372115486,2,0,2,False,True,False,True,True,False,False,False,False,True,False,False,False,False,False,False,False,True,False,False
0.7748559575377005,0,921,-0.8875151110697495,0.5,1703,0.6666666666666667,96,1.0,3,1.0,0.292385223658475,14810,1,1,19,0.0,0.3333333333333333,1,-0.2930769296747854,2,0.6666666666666667,0.16194730971731802,7,6,7,False,True,True,False,True,False,False,False,False,False,False,False,False,False,False,False,False,False,True,False
-0.2106607044718917,0,146,-0.8875151110697495,0.75,1704,0.0,79,0.3333333333333333,1,1.0,-0.3342143203032493,13970,0,1,14,0.0,0.6666666666666667,0,-0.678773515728442,2,1.0,-0.32789331844000197,4,1,4,True,False,True,False,False,False,True,False,False,True,False,False,False,False,False,True,False,False,False,True
0.6653541062033014,0,1179,-0.8875151110697495,0.5,1706,1.0,73,0.6666666666666667,2,1.0,0.28558590680300705,6069,1,1,17,0.0,0.0,1,-0.16451140099023315,3,0.6666666666666667,0.48850772848886465,9,8,8,False,True,False,True,False,False,True,False,False,True,False,False,False,False,False,False,True,False,True,False
-1.4151810691502822,0,581,-0.02375548817107146,0.5,1707,0.6666666666666667,62,1.0,1,0.6666666666666667,-0.44661552707020497,17616,1,0,16,0.0,1.0,1,-0.8073390444129942,1,0.6666666666666667,-0.32789331844000197,3,0,4,False,True,True,False,False,False,True,False,False,True,False,False,False,False,False,True,False,False,True,False
0.4463504035345031,0,918,-0.3939381836990763,0.5,1708,1.0,35,0.6666666666666667,3,0.6666666666666667,0.5817811473193325,15869,1,0,12,0.0,0.3333333333333333,0,-0.16451140099023315,3,0.6666666666666667,0.48850772848886465,8,8,7,False,True,False,True,False,True,False,False,False,True,False,False,False,False,False,False,True,False,False,True
-0.8676718124782865,0,1082,-0.02375548817107146,0.75,1709,1.0,43,0.6666666666666667,1,0.6666666666666667,-0.7498225630937319,25412,9,0,17,0.0,0.6666666666666667,1,-0.2930769296747854,2,0.6666666666666667,-0.32789331844000197,3,1,2,False,True,True,False,False,False,True,False,False,False,False,True,False,False,False,False,False,False,True,False
-0.10115885313749257,0,530,-0.8875151110697495,0.75,1710,0.6666666666666667,51,0.6666666666666667,2,1.0,-0.42515518324513407,7439,3,0,15,0.0,0.6666666666666667,0,0.7354472998016324,2,0.3333333333333333,0.9783483566461847,7,6,7,False,True,False,True,True,False,False,False,False,False,False,False,False,False,False,False,False,True,False,True
0.8843578088720997,0,1238,-1.0109093429124179,0.0,1712,0.6666666666666667,74,0.3333333333333333,3,0.6666666666666667,0.9019864754815294,3395,3,0,23,1.0,1.0,1,1.76397152927805,3,0.3333333333333333,2.6111504505039176,15,14,4,False,False,True,False,True,False,False,False,False,True,False,False,False,False,False,False,False,False,True,False
-1.4151810691502822,1,240,1.5803695257836163,0.0,1714,1.0,58,0.0,1,0.6666666666666667,-1.0513297699033917,11585,1,0,11,0.0,0.6666666666666667,1,-1.3216011591512031,2,0.6666666666666667,-0.9810141559830953,0,0,0,False,True,False,False,False,False,False,False,False,True,True,False,False,False,False,False,False,False,True,False
1.103361511540898,1,1093,-0.02375548817107146,0.5,1716,0.6666666666666667,82,0.0,4,0.6666666666666667,1.366889765474155,24164,7,0,11,0.0,0.6666666666666667,0,1.76397152927805,3,0.0,2.6111504505039176,5,14,10,True,False,False,True,True,False,False,False,False,True,False,False,False,False,False,False,True,False,True,False
-1.1961773664814839,0,390,0.9633983665702748,0.75,1718,1.0,62,0.0,1,0.6666666666666667,-0.89197078110336,6217,1,0,15,0.0,0.6666666666666667,3,-1.0644701017820986,3,1.0,-0.6544537372115486,2,0,2,False,True,True,False,False,False,True,False,False,True,False,True,False,False,False,False,False,False,True,False
0.8843578088720997,0,1005,2.320734916839626,0.25,1719,1.0,48,0.3333333333333333,4,0.3333333333333333,2.167509325205514,17119,1,0,11,0.0,0.6666666666666667,0,1.2497094145398413,2,0.6666666666666667,2.284590031732371,6,8,6,False,True,True,False,False,False,False,False,True,False,False,False,False,False,True,False,False,False,False,True
-0.5391662584750891,0,585,0.09963874367159682,0.5,1720,0.0,56,0.6666666666666667,1,0.6666666666666667,-0.6522948619481125,17360,6,0,13,0.0,0.0,1,-0.16451140099023315,3,0.3333333333333333,-0.32789331844000197,2,1,3,True,False,True,False,True,False,False,False,False,True,False,False,False,False,False,True,False,False,True,False
-0.6486681098094882,0,741,-0.8875151110697495,0.75,1721,0.3333333333333333,69,0.6666666666666667,1,0.6666666666666667,-0.642945801271844,18103,1,0,14,0.0,1.0,1,-0.678773515728442,2,1.0,-0.32789331844000197,2,0,3,False,True,True,False,True,False,False,False,False,True,False,True,False,False,False,False,False,False,True,False
0.4463504035345031,0,552,-0.6407266473844129,0.5,1722,0.6666666666666667,60,0.0,2,0.3333333333333333,-0.015496342703186072,20794,6,0,19,0.0,0.3333333333333333,1,-0.16451140099023315,4,0.6666666666666667,-0.6544537372115486,2,1,2,False,False,False,False,False,False,False,False,False,True,True,False,False,False,False,False,False,False,True,False
0.33684855220010396,0,369,-0.14714972001373974,0.25,1724,0.3333333333333333,92,0.6666666666666667,2,0.0,0.0027768213458842232,5041,2,1,16,0.0,0.3333333333333333,1,0.8640128284861845,3,0.6666666666666667,-0.9810141559830953,0,0,0,False,True,True,False,True,False,False,False,False,False,False,False,False,True,False,False,False,False,True,False
-1.4151810691502822,0,506,2.4441291486822943,0.0,1725,0.3333333333333333,91,0.6666666666666667,1,0.0,-0.5515799810264925,3622,1,0,13,0.0,0.3333333333333333,3,-0.678773515728442,2,1.0,-0.16461310905422863,2,1,2,False,True,True,False,False,False,True,False,False,True,False,True,False,False,False,False,False,False,False,False
0.9938596602064987,0,717,0.4698214391996017,0.75,1727,0.6666666666666667,34,0.6666666666666667,2,0.3333333333333333,-0.199927812407756,9697,6,0,14,0.0,1.0,0,0.9925783571707368,3,0.6666666666666667,0.48850772848886465,7,0,9,False,True,True,False,True,False,False,False,False,True,False,False,False,False,False,False,False,False,False,True
-0.2106607044718917,0,1370,2.197340684996958,0.75,1728,1.0,49,0.6666666666666667,2,0.6666666666666667,0.08075648653203303,5151,2,0,16,0.0,0.3333333333333333,1,0.7354472998016324,3,0.6666666666666667,-0.0013328996684553085,7,0,7,False,True,True,False,True,False,False,False,False,True,False,False,False,True,False,False,False,False,True,False
-0.7581699611438873,0,793,0.8400041347276065,0.0,1729,0.3333333333333333,33,0.6666666666666667,1,1.0,-0.7736201720878699,3811,1,0,12,0.0,0.3333333333333333,1,-0.16451140099023315,2,0.3333333333333333,0.48850772848886465,0,0,8,False,True,True,False,True,False,False,False,False,True,False,False,False,False,False,True,False,False,True,False
1.103361511540898,0,543,-0.8875151110697495,0.75,1731,0.6666666666666667,87,0.6666666666666667,2,0.3333333333333333,-0.3240153450200473,3536,7,0,11,0.0,1.0,1,-0.9359045730975464,3,0.0,-0.9810141559830953,0,0,0,False,False,False,True,False,True,False,False,False,True,False,False,False,False,False,False,True,False,True,False
0.9938596602064987,0,1277,-0.8875151110697495,0.5,1732,0.6666666666666667,74,0.6666666666666667,3,1.0,0.8212445878228467,5596,4,1,12,0.0,0.3333333333333333,1,0.2211851850634235,5,0.3333333333333333,0.48850772848886465,6,0,3,False,True,False,True,True,False,False,False,False,True,False,False,False,False,False,False,True,False,False,False
-0.10115885313749257,1,1456,0.4698214391996017,1.0,1733,0.3333333333333333,96,0.3333333333333333,2,0.0,-0.07839002361626522,8658,5,1,13,0.0,0.3333333333333333,3,0.6068817711170802,3,0.6666666666666667,-0.8177339465973219,2,2,2,False,True,False,True,False,True,False,False,False,True,False,False,False,False,False,False,True,False,False,False
-0.5391662584750891,1,964,-1.0109093429124179,0.25,1734,0.0,34,0.0,2,0.3333333333333333,0.04930964607549346,12147,6,0,15,0.0,0.3333333333333333,0,-0.16451140099023315,2,0.6666666666666667,-1.1442943653688686,0,0,0,False,True,False,True,True,False,False,False,False,True,False,False,False,False,False,False,True,False,False,True
-1.5246829204846812,0,160,-0.6407266473844129,0.0,1735,0.6666666666666667,51,0.6666666666666667,1,0.3333333333333333,-0.6816169158873183,12862,1,0,13,0.0,0.6666666666666667,0,-1.0644701017820986,3,0.0,-0.6544537372115486,2,1,2,False,True,True,False,False,False,True,False,False,False,False,True,False,False,False,False,False,False,False,True
-0.6486681098094882,0,163,1.827157989468953,0.0,1736,1.0,30,0.6666666666666667,2,1.0,-0.26877089556936967,6670,2,0,20,1.0,1.0,0,-0.2930769296747854,3,0.3333333333333333,-0.32789331844000197,4,1,4,True,False,True,False,False,False,False,False,True,False,False,False,False,True,False,False,False,False,False,True
0.22734670086570485,0,792,-1.0109093429124179,0.5,1737,1.0,77,0.6666666666666667,2,1.0,-0.0065722393303842995,8989,1,1,15,0.0,1.0,1,-0.2930769296747854,2,0.6666666666666667,0.32522751910309133,8,5,8,False,False,True,False,True,False,False,False,False,True,False,True,False,False,False,False,False,False,True,False
-0.5391662584750891,0,371,1.2101868302556114,0.5,1739,1.0,80,0.0,3,0.6666666666666667,0.660185769808948,3840,3,0,13,0.0,0.6666666666666667,1,-0.16451140099023315,2,0.0,-0.4911735278257753,3,0,2,False,True,False,True,True,False,False,False,False,True,False,False,False,False,False,False,True,False,True,False
0.33684855220010396,0,611,-0.270543951856408,0.75,1740,0.3333333333333333,88,0.6666666666666667,5,0.3333333333333333,2.832355026479246,4349,1,0,14,0.0,0.3333333333333333,0,1.2497094145398413,3,0.3333333333333333,2.284590031732371,8,12,8,False,True,False,True,False,False,True,False,False,True,False,False,True,False,False,False,False,False,False,True
0.8843578088720997,0,176,-0.6407266473844129,0.5,1744,0.6666666666666667,56,0.0,3,0.6666666666666667,0.6912076529620209,6595,4,0,21,1.0,0.6666666666666667,2,-0.2930769296747854,2,1.0,-0.32789331844000197,0,0,3,False,True,False,False,True,False,False,False,False,False,True,False,False,False,False,False,False,False,True,False
-0.7581699611438873,0,1312,-0.8875151110697495,0.75,1745,1.0,78,0.3333333333333333,1,0.0,-0.3261401315373811,26427,0,0,16,0.0,1.0,0,-0.16451140099023315,2,0.6666666666666667,0.32522751910309133,7,0,7,True,False,True,False,False,False,False,False,True,False,False,False,False,False,False,True,False,False,False,True
-1.4151810691502822,0,897,0.09963874367159682,0.5,1746,0.0,59,0.6666666666666667,1,1.0,-0.9259673653807001,2097,0,0,14,0.0,1.0,1,-1.0644701017820986,2,0.6666666666666667,-0.8177339465973219,2,2,1,True,False,False,False,False,False,True,False,False,True,True,False,False,False,False,False,False,False,True,False
-0.7581699611438873,1,600,-0.14714972001373974,0.5,1747,0.6666666666666667,66,0.3333333333333333,1,1.0,-0.918530612570032,9732,6,0,11,0.0,0.6666666666666667,1,-0.678773515728442,0,0.3333333333333333,-0.4911735278257753,2,1,2,True,False,False,False,False,False,False,False,False,False,True,False,False,False,False,False,False,False,False,False
-0.6486681098094882,0,1003,-0.5173324155417446,0.5,1749,0.0,51,0.6666666666666667,2,0.6666666666666667,0.3916127540179614,20943,1,0,19,0.0,0.6666666666666667,1,-0.678773515728442,3,0.6666666666666667,-0.32789331844000197,2,0,2,False,True,False,True,False,False,False,False,True,True,False,False,False,False,False,False,True,False,True,False
-1.0866755151470848,0,1054,-0.14714972001373974,0.5,1751,0.6666666666666667,67,0.6666666666666667,1,1.0,-0.649745118127312,6152,1,0,11,0.0,0.6666666666666667,0,-0.678773515728442,5,0.3333333333333333,-0.16461310905422863,2,1,4,False,True,True,False,False,False,True,False,False,False,False,False,False,False,False,True,False,False,False,True
-0.8676718124782865,1,428,-0.02375548817107146,0.5,1752,0.3333333333333333,52,0.0,1,0.3333333333333333,-0.7952929945646742,14630,1,0,13,0.0,0.6666666666666667,0,-1.193035630466651,3,0.6666666666666667,-0.8177339465973219,2,2,2,False,True,False,True,False,True,False,False,False,False,False,False,False,False,False,False,False,True,False,True
-0.8676718124782865,0,461,-1.0109093429124179,0.5,1753,1.0,70,1.0,2,0.6666666666666667,-0.04439343933892514,23060,8,1,12,0.0,1.0,0,-0.16451140099023315,5,1.0,-0.6544537372115486,2,0,2,True,False,True,False,True,False,False,False,False,True,False,False,False,False,False,False,False,False,False,True
-0.7581699611438873,0,979,0.7166099028849382,0.25,1754,0.6666666666666667,94,0.3333333333333333,3,0.0,0.13536350002751055,3088,2,0,11,0.0,0.0,1,0.09261965637887129,2,0.6666666666666667,-0.0013328996684553085,7,1,7,False,True,False,True,False,True,False,False,False,True,False,False,False,False,False,False,True,False,False,False
-0.3201625558062908,0,181,-0.8875151110697495,0.75,1755,1.0,97,1.0,1,1.0,-0.7587466664665337,5586,0,1,14,0.0,0.0,3,-0.678773515728442,3,0.6666666666666667,-0.32789331844000197,0,1,2,False,True,True,False,False,False,True,False,False,True,False,False,False,False,False,True,False,False,True,False
-0.42966440714069,0,1283,-0.8875151110697495,0.5,1756,1.0,62,0.6666666666666667,2,0.3333333333333333,-0.28810645287710684,10697,8,0,15,0.0,1.0,0,0.2211851850634235,2,0.3333333333333333,0.651787937874638,7,1,7,False,False,False,True,False,True,False,False,False,False,False,False,False,False,False,False,True,False,False,True
1.3223652142096962,0,1313,0.2230329755142651,0.75,1757,1.0,80,0.6666666666666667,2,1.0,-0.42409278998646716,8191,3,0,12,0.0,0.6666666666666667,0,-0.42164245835933756,1,1.0,-0.32789331844000197,1,0,4,False,True,False,True,False,True,False,False,False,False,False,False,False,False,False,False,True,False,False,True
-0.42966440714069,1,211,0.8400041347276065,0.5,1758,0.0,74,0.6666666666666667,3,0.0,0.43793310009583725,10092,2,1,20,1.0,0.6666666666666667,0,-0.03594587230568093,2,0.3333333333333333,-1.1442943653688686,0,0,0,False,True,False,True,True,False,False,False,False,False,False,False,False,False,False,False,True,False,False,True
0.11784484953130571,0,594,-0.8875151110697495,0.25,1760,0.6666666666666667,75,0.3333333333333333,1,0.3333333333333333,-0.8573367608708199,15963,4,0,14,0.0,0.3333333333333333,1,-0.2930769296747854,4,0.3333333333333333,-0.16461310905422863,1,0,5,True,False,True,False,False,False,True,False,False,False,False,True,False,False,False,False,False,False,True,False
-0.6486681098094882,1,1079,0.8400041347276065,0.75,1761,0.0,70,0.6666666666666667,3,0.6666666666666667,0.35230420344728697,19002,2,0,13,0.0,0.0,3,-0.16451140099023315,2,0.6666666666666667,-0.9810141559830953,0,0,0,False,True,False,True,False,True,False,False,False,True,False,False,False,False,False,False,True,False,True,False
-0.8676718124782865,0,590,-0.6407266473844129,0.5,1762,1.0,91,0.3333333333333333,1,0.0,-0.9336165968431016,10007,1,0,13,0.0,0.6666666666666667,1,-1.3216011591512031,2,0.6666666666666667,-0.9810141559830953,0,0,0,False,True,True,False,False,False,False,False,True,False,False,False,False,False,False,True,False,False,False,False
-0.7581699611438873,0,305,0.8400041347276065,0.5,1763,0.6666666666666667,58,1.0,2,0.6666666666666667,-0.25687209107230063,9128,3,0,16,0.0,0.6666666666666667,1,-0.16451140099023315,3,0.6666666666666667,-0.0013328996684553085,0,1,7,False,True,True,False,True,False,False,False,False,True,False,False,False,False,False,False,False,False,True,False
-0.5391662584750891,0,953,-0.5173324155417446,0.75,1764,0.3333333333333333,65,0.6666666666666667,1,0.3333333333333333,-0.804217097937476,17674,2,0,14,0.0,0.3333333333333333,0,0.09261965637887129,3,0.6666666666666667,-0.0013328996684553085,7,0,7,False,False,True,False,False,False,False,False,True,True,False,False,False,False,False,True,False,False,False,True
0.11784484953130571,0,833,1.0867925984129432,0.5,1766,0.3333333333333333,60,0.0,2,1.0,-0.14702062812614553,24539,3,1,16,0.0,0.6666666666666667,1,0.4783162424325279,2,0.6666666666666667,-0.9810141559830953,0,1,0,False,True,True,False,False,False,True,False,False,True,False,False,False,False,False,False,False,False,True,False
0.6653541062033014,1,807,0.9633983665702748,0.5,1767,0.6666666666666667,38,0.3333333333333333,1,0.6666666666666667,-0.8639235990745545,15587,9,1,16,0.0,1.0,1,-0.678773515728442,4,0.6666666666666667,-0.9810141559830953,0,0,0,True,False,True,False,False,False,False,False,True,True,False,False,False,False,False,True,False,False,True,False
0.5558522548689022,0,855,0.3464272073569334,0.5,1768,0.3333333333333333,57,0.6666666666666667,1,0.3333333333333333,-0.794018122654274,8952,8,0,22,1.0,0.3333333333333333,3,-0.5502079870438897,6,0.3333333333333333,-0.32789331844000197,3,0,4,False,True,True,False,False,False,True,False,False,True,False,True,False,False,False,False,False,False,False,False
1.979376322216091,0,478,-0.8875151110697495,0.5,1770,0.6666666666666667,60,0.3333333333333333,5,0.0,2.6634344983512124,19805,8,0,12,0.0,0.3333333333333333,3,2.9210612874390196,2,0.6666666666666667,-0.9810141559830953,0,0,0,False,True,True,False,False,False,True,False,False,True,False,False,False,False,True,False,False,False,True,False
-0.42966440714069,0,775,-0.6407266473844129,0.5,1771,1.0,90,0.6666666666666667,2,0.3333333333333333,-0.7326117923033284,6194,5,0,15,0.0,1.0,2,-0.03594587230568093,2,0.3333333333333333,0.32522751910309133,8,1,7,False,False,True,False,False,False,False,False,True,True,False,False,False,False,False,True,False,False,False,False
0.4463504035345031,0,548,-0.02375548817107146,0.75,1772,0.6666666666666667,94,0.6666666666666667,1,0.0,-0.8953704395310941,20520,1,0,20,1.0,0.3333333333333333,2,-0.8073390444129942,2,0.6666666666666667,-0.32789331844000197,3,0,4,False,True,True,False,True,False,False,False,False,True,False,True,False,False,False,False,False,False,False,False
-0.3201625558062908,0,1375,0.09963874367159682,0.5,1774,1.0,87,0.6666666666666667,2,0.6666666666666667,-0.5316069877635552,12313,1,1,14,0.0,0.6666666666666667,1,0.4783162424325279,3,0.6666666666666667,1.3049087754177313,14,0,7,False,False,False,True,True,False,False,False,False,True,False,False,False,False,False,False,True,False,False,False
1.7603726195472926,0,661,-1.0109093429124179,0.75,1775,0.0,60,0.3333333333333333,4,0.6666666666666667,1.373051646374423,22308,4,1,20,1.0,1.0,3,2.0211025866471544,2,0.3333333333333333,-0.6544537372115486,2,0,2,False,False,True,False,False,False,True,False,False,False,False,False,False,True,False,False,False,False,True,False
0.6653541062033014,0,244,-0.8875151110697495,0.5,1778,0.3333333333333333,97,0.6666666666666667,1,1.0,-0.6297721248643747,5033,0,0,13,0.0,0.3333333333333333,0,-0.16451140099023315,5,0.6666666666666667,0.32522751910309133,7,1,8,False,True,False,False,True,False,False,False,False,True,True,False,False,False,False,False,False,False,False,True
-0.3201625558062908,0,511,-0.7641208792270812,0.25,1779,1.0,32,0.0,2,1.0,-0.10070028204826965,25353,5,0,12,0.0,0.0,0,-0.678773515728442,3,0.6666666666666667,-0.8177339465973219,2,2,2,False,True,False,True,True,False,False,False,False,False,False,False,False,False,False,False,True,False,False,True
-1.7436866231534796,1,337,-0.270543951856408,0.0,1780,0.3333333333333333,31,0.6666666666666667,1,0.3333333333333333,-0.8125037653550776,4567,1,0,13,0.0,0.3333333333333333,0,-1.3216011591512031,3,0.6666666666666667,-0.9810141559830953,0,1,0,False,True,False,True,False,True,False,False,False,True,False,False,False,False,False,False,False,True,False,True
0.11784484953130571,0,1153,-0.3939381836990763,0.25,1782,1.0,40,0.3333333333333333,1,0.6666666666666667,-0.5951381046318345,16376,1,0,11,0.0,0.3333333333333333,1,-0.8073390444129942,3,0.6666666666666667,-0.32789331844000197,4,0,4,False,True,True,False,False,False,False,True,False,False,False,True,False,False,False,False,False,False,True,False
-1.6341847718190805,1,1294,-0.14714972001373974,0.0,1783,0.6666666666666667,79,0.6666666666666667,1,0.0,-0.8722102664921562,15999,1,1,17,0.0,0.6666666666666667,0,-1.3216011591512031,6,0.6666666666666667,-0.9810141559830953,0,0,0,False,True,True,False,False,False,True,False,False,False,False,True,False,False,False,False,False,False,True,False
-0.6486681098094882,0,196,2.4441291486822943,0.75,1784,0.0,91,0.3333333333333333,2,1.0,-0.2199008056706933,13402,1,0,14,0.0,0.0,2,0.2211851850634235,3,0.6666666666666667,0.8150681472604113,7,5,7,False,True,False,True,False,True,False,False,False,False,False,False,False,False,False,False,True,False,True,False
1.5413689168784945,0,942,-0.7641208792270812,0.5,1786,0.0,53,0.6666666666666667,3,0.6666666666666667,1.4051359227861626,22984,2,0,11,0.0,1.0,0,0.4783162424325279,2,0.6666666666666667,-0.8177339465973219,2,2,2,False,True,True,False,False,False,False,False,True,False,False,False,True,False,False,False,False,False,True,False
0.008342998196906572,0,589,-0.02375548817107146,0.25,1787,0.3333333333333333,46,0.3333333333333333,2,0.3333333333333333,-0.4916610012376806,8800,1,0,14,0.0,0.0,2,-0.8073390444129942,2,0.6666666666666667,-0.32789331844000197,2,0,3,False,True,False,True,False,True,False,False,False,True,False,False,False,False,False,False,True,False,True,False
0.9938596602064987,0,734,-0.8875151110697495,0.75,1789,0.6666666666666667,46,0.6666666666666667,5,1.0,2.725053307353891,14218,7,1,17,0.0,0.6666666666666667,1,1.6354060005934978,3,0.6666666666666667,-0.8177339465973219,1,2,2,False,True,True,False,False,False,True,False,False,True,False,False,False,False,True,False,False,False,False,False
-0.10115885313749257,0,1383,0.09963874367159682,0.5,1790,1.0,90,0.6666666666666667,3,0.0,0.386300787724627,25949,7,1,13,0.0,1.0,1,0.4783162424325279,1,0.6666666666666667,0.8150681472604113,8,5,7,False,True,True,False,True,False,False,False,False,True,False,False,False,False,False,False,False,False,True,False
0.7748559575377005,1,429,-1.0109093429124179,0.25,1792,0.6666666666666667,99,0.6666666666666667,1,0.3333333333333333,-0.8841090709892252,11092,1,1,12,0.0,0.6666666666666667,3,-0.678773515728442,2,0.3333333333333333,-0.32789331844000197,3,2,3,True,False,True,False,False,False,True,False,False,True,False,False,False,False,False,True,False,False,False,False
0.008342998196906572,0,1239,-0.14714972001373974,0.25,1794,0.6666666666666667,89,0.6666666666666667,2,0.3333333333333333,-0.5167334821422189,12832,2,0,13,0.0,0.6666666666666667,0,0.9925783571707368,4,0.3333333333333333,0.48850772848886465,0,4,7,False,True,False,False,False,False,False,True,False,True,True,False,False,False,False,False,False,False,False,False
-0.2106607044718917,1,303,2.197340684996958,0.5,1797,0.6666666666666667,84,0.6666666666666667,2,1.0,-0.14659567082267877,13492,1,1,18,0.0,1.0,0,-0.16451140099023315,2,0.6666666666666667,0.48850772848886465,7,7,7,False,True,False,True,True,False,False,False,False,True,False,False,False,False,False,False,True,False,False,True
-0.42966440714069,0,867,-0.14714972001373974,0.75,1798,1.0,90,1.0,1,0.0,-0.7139136709507914,6076,6,0,19,0.0,0.3333333333333333,1,0.34975071374797573,1,0.6666666666666667,0.48850772848886465,8,7,6,False,True,True,False,True,False,False,False,False,True,False,False,False,False,False,True,False,False,True,False
-0.9771736638126857,0,1181,-1.0109093429124179,0.5,1799,0.6666666666666667,82,0.6666666666666667,1,1.0,-0.947427709205771,5531,1,0,11,0.0,0.6666666666666667,1,-0.8073390444129942,6,1.0,-0.32789331844000197,3,0,3,False,True,True,False,True,False,False,False,False,True,False,False,False,False,False,True,False,False,True,False
0.22734670086570485,0,1253,0.09963874367159682,0.0,1800,0.6666666666666667,65,0.6666666666666667,3,0.6666666666666667,1.4790784935893773,7914,7,0,21,1.0,0.6666666666666667,0,-0.2930769296747854,3,0.6666666666666667,-0.4911735278257753,3,2,2,False,True,True,False,False,False,True,False,False,True,False,False,False,False,True,False,False,False,False,True
0.9938596602064987,0,849,2.0739464531542895,0.25,1801,0.3333333333333333,98,0.3333333333333333,2,0.3333333333333333,0.3161828326526131,25166,8,0,15,0.0,0.6666666666666667,0,-0.678773515728442,3,0.6666666666666667,-0.8177339465973219,2,2,2,False,False,False,True,True,False,False,False,False,True,False,False,False,False,False,False,True,False,False,True
0.33684855220010396,0,616,-0.8875151110697495,0.25,1802,0.6666666666666667,99,0.6666666666666667,1,0.0,-0.6641936664451815,25605,4,0,17,0.0,1.0,1,-0.5502079870438897,5,0.3333333333333333,-0.4911735278257753,3,0,2,False,True,True,False,True,False,False,False,False,False,False,True,False,False,False,False,False,False,True,False
0.5558522548689022,0,1128,0.4698214391996017,0.5,1803,0.3333333333333333,95,1.0,2,0.0,-0.20502730004935701,5696,5,0,18,0.0,0.6666666666666667,2,-0.16451140099023315,2,0.3333333333333333,-1.1442943653688686,0,0,0,False,True,True,False,False,False,True,False,False,True,False,False,False,False,False,False,False,False,True,False
-0.2106607044718917,0,1180,-0.8875151110697495,0.25,1804,0.3333333333333333,90,0.6666666666666667,2,1.0,-0.15743208206108092,24442,2,0,14,0.0,0.6666666666666667,1,0.4783162424325279,6,0.6666666666666667,-0.0013328996684553085,7,1,7,False,False,True,False,False,False,True,False,False,True,False,False,False,True,False,False,False,False,False,False
0.11784484953130571,0,1336,-0.8875151110697495,0.5,1805,0.0,100,0.6666666666666667,1,0.3333333333333333,-0.8309894080558813,7129,5,0,13,0.0,1.0,3,0.2211851850634235,3,0.6666666666666667,0.651787937874638,10,3,8,False,False,False,False,False,False,False,False,False,True,True,False,False,False,False,False,False,False,False,False
-0.3201625558062908,1,234,-0.02375548817107146,0.75,1807,1.0,93,0.6666666666666667,2,0.0,-0.24582320118216514,6208,4,0,17,0.0,0.6666666666666667,1,-0.03594587230568093,3,0.3333333333333333,-0.0013328996684553085,1,0,7,True,False,True,False,True,False,False,False,False,True,False,True,False,False,False,False,False,False,True,False
0.008342998196906572,1,370,0.09963874367159682,0.75,1809,1.0,58,0.6666666666666667,2,0.0,-0.4865615135960796,4992,1,0,15,0.0,0.3333333333333333,0,-0.16451140099023315,4,0.0,0.48850772848886465,3,0,8,False,True,True,False,False,False,True,False,False,True,False,False,False,True,False,False,False,False,False,True
0.22734670086570485,0,766,1.3335810620982798,0.5,1812,0.6666666666666667,83,0.6666666666666667,2,1.0,-0.5048346776451499,19188,2,0,18,0.0,1.0,1,-0.5502079870438897,6,0.6666666666666667,-0.8177339465973219,1,2,2,True,False,False,True,True,False,False,False,False,True,False,False,False,False,False,False,True,False,False,False
0.6653541062033014,0,343,-0.02375548817107146,0.5,1813,0.0,52,0.6666666666666667,1,0.6666666666666667,-0.8637111204228212,24978,4,0,13,0.0,0.6666666666666667,0,-0.5502079870438897,2,0.3333333333333333,-0.6544537372115486,2,1,2,False,False,True,False,True,False,False,False,False,True,False,False,False,False,False,True,False,False,False,True
0.4463504035345031,0,447,-0.5173324155417446,0.5,1814,0.3333333333333333,85,1.0,2,0.3333333333333333,0.07799426405949915,15530,3,0,12,0.0,0.0,0,-0.03594587230568093,3,0.0,-0.6544537372115486,2,1,2,False,True,True,False,True,False,False,False,False,True,False,False,False,False,False,False,False,False,False,True
0.4463504035345031,0,796,-0.6407266473844129,0.0,1815,0.6666666666666667,81,0.6666666666666667,3,0.6666666666666667,0.8380304013097833,26458,0,1,13,0.0,1.0,1,1.5068404719089457,3,1.0,2.4478702411181446,14,13,5,False,True,False,True,False,True,False,False,False,False,False,False,False,False,False,False,True,False,False,False
-0.7581699611438873,0,1092,0.09963874367159682,0.5,1816,0.0,64,0.6666666666666667,3,0.6666666666666667,0.6722970529577504,2739,9,0,14,0.0,0.3333333333333333,0,-0.2930769296747854,3,0.6666666666666667,-0.0013328996684553085,7,0,2,False,True,True,False,False,False,True,False,False,False,False,False,False,True,False,False,False,False,False,True
-1.1961773664814839,1,920,1.3335810620982798,0.25,1818,1.0,69,0.6666666666666667,1,0.3333333333333333,-0.9253299294255,6889,0,1,11,0.0,0.6666666666666667,0,-0.678773515728442,3,0.6666666666666667,-0.32789331844000197,1,1,4,False,True,False,False,False,False,True,False,False,False,True,False,False,False,False,False,False,False,True,False
0.9938596602064987,1,261,1.456975293940948,0.25,1821,1.0,66,0.6666666666666667,2,0.3333333333333333,0.5148503720233192,10842,4,0,22,1.0,1.0,1,0.2211851850634235,2,1.0,0.32522751910309133,7,3,7,False,True,True,False,False,False,True,False,False,False,False,False,False,False,False,False,False,False,True,False
0.33684855220010396,0,1194,-1.0109093429124179,0.5,1822,0.6666666666666667,52,0.6666666666666667,2,1.0,0.0021393853906840968,9060,4,0,17,0.0,1.0,1,0.09261965637887129,3,0.6666666666666667,-0.32789331844000197,3,0,3,False,True,True,False,True,False,False,False,False,False,False,False,False,False,False,False,False,False,False,False
-0.3201625558062908,0,810,-0.14714972001373974,0.25,1823,0.3333333333333333,92,1.0,2,0.6666666666666667,0.06290827978642949,22128,1,0,21,1.0,0.6666666666666667,2,-0.16451140099023315,5,0.6666666666666667,0.48850772848886465,8,4,8,False,True,False,True,False,False,False,False,True,True,False,False,False,False,False,False,True,False,True,False
2.3078818762192883,0,350,-0.8875151110697495,0.5,1824,0.3333333333333333,52,0.6666666666666667,4,0.3333333333333333,2.07975564203963,22577,4,0,22,1.0,1.0,1,3.3067578734926766,0,0.3333333333333333,1.4681889848035046,9,14,14,False,False,False,True,False,False,True,False,False,True,False,False,True,False,False,False,False,False,False,False
-0.2106607044718917,0,185,1.7037637576262845,0.75,1826,0.3333333333333333,91,0.0,1,0.6666666666666667,-0.8069793204100099,9696,0,0,16,0.0,0.3333333333333333,1,-0.678773515728442,2,1.0,-0.32789331844000197,4,0,3,False,True,True,False,False,False,True,False,False,True,False,True,False,False,False,False,False,False,True,False
1.103361511540898,0,1001,-0.6407266473844129,0.5,1827,0.6666666666666667,92,0.3333333333333333,3,0.3333333333333333,0.8138078350121786,19271,8,1,12,0.0,0.6666666666666667,1,2.1496681153317065,4,0.6666666666666667,2.4478702411181446,11,14,10,False,True,True,False,True,False,False,False,False,False,False,False,False,True,False,False,False,False,False,False
0.33684855220010396,0,750,0.3464272073569334,0.5,1829,0.3333333333333333,47,0.6666666666666667,2,0.0,-0.43662903043873635,10748,2,0,12,0.0,0.3333333333333333,1,0.4783162424325279,3,0.6666666666666667,-0.0013328996684553085,4,7,7,False,True,True,False,True,False,False,False,False,False,False,False,False,False,False,False,False,False,False,False
1.869874470881692,0,431,-0.270543951856408,0.75,1830,1.0,68,0.6666666666666667,2,1.0,0.07459460563176515,15696,4,0,15,0.0,0.3333333333333333,1,0.34975071374797573,2,0.3333333333333333,-0.0013328996684553085,1,1,7,False,True,True,False,False,False,True,False,False,False,False,False,False,False,False,True,False,False,True,False
-0.6486681098094882,0,1125,-0.270543951856408,0.75,1833,0.0,68,0.6666666666666667,3,0.0,0.6659226934057492,8277,2,0,14,0.0,1.0,2,-0.2930769296747854,3,0.6666666666666667,-0.6544537372115486,2,2,2,True,False,False,True,False,True,False,False,False,False,False,False,False,False,False,False,True,False,True,False
-0.9771736638126857,0,1217,-1.0109093429124179,0.5,1834,0.6666666666666667,67,0.6666666666666667,1,0.0,-0.6187232349742392,12719,1,0,25,1.0,0.6666666666666667,1,-1.0644701017820986,3,0.6666666666666667,-0.6544537372115486,2,1,2,False,True,True,False,False,False,True,False,False,False,False,False,False,False,False,True,False,False,True,False
0.11784484953130571,0,723,-0.8875151110697495,0.75,1835,0.3333333333333333,77,0.0,2,1.0,-0.23328696072989596,4244,2,1,20,1.0,0.0,2,1.121143885855289,4,0.3333333333333333,-0.4911735278257753,2,0,3,False,True,False,True,False,True,False,False,False,False,False,False,False,False,False,False,False,True,True,False
-1.1961773664814839,0,572,0.09963874367159682,0.5,1836,0.6666666666666667,46,0.6666666666666667,2,1.0,-0.3864840686296597,9125,1,0,13,0.0,0.0,0,-0.8073390444129942,4,0.6666666666666667,-0.32789331844000197,3,1,2,False,True,False,True,False,False,True,False,False,True,False,False,False,False,False,False,True,False,False,True
2.3078818762192883,0,1216,0.7166099028849382,0.75,1837,0.0,87,0.6666666666666667,4,0.6666666666666667,1.9726664015660087,21624,2,1,14,0.0,0.3333333333333333,0,1.5068404719089457,3,0.6666666666666667,-0.8177339465973219,2,2,2,True,False,True,False,True,False,False,False,False,True,False,False,False,False,True,False,False,False,True,False
-2.072192177156677,0,1431,0.59321567104227,0.5,1839,0.3333333333333333,33,0.6666666666666667,1,0.6666666666666667,-1.06004139462446,8018,1,0,16,0.0,0.6666666666666667,0,-1.4501666878357553,4,0.0,-1.1442943653688686,0,0,0,False,False,True,False,False,False,True,False,False,False,False,False,False,False,False,True,False,False,False,True
-0.6486681098094882,1,359,1.0867925984129432,1.0,1842,1.0,89,1.0,1,0.0,-0.7536471788249326,21495,0,0,17,0.0,0.6666666666666667,0,-1.193035630466651,4,0.6666666666666667,-0.9810141559830953,0,0,0,False,True,False,False,False,False,False,False,False,True,True,False,False,False,False,False,False,False,True,False
-0.8676718124782865,1,350,0.4698214391996017,0.5,1844,0.0,56,0.3333333333333333,1,0.0,-0.8855964215513588,3157,4,1,15,0.0,1.0,3,-0.9359045730975464,3,0.6666666666666667,-0.8177339465973219,2,2,0,False,True,False,False,False,False,False,False,False,True,True,False,False,False,False,False,False,False,False,False
0.8843578088720997,0,589,-0.8875151110697495,0.75,1845,0.6666666666666667,67,0.6666666666666667,2,0.6666666666666667,-0.28661910231497323,19665,4,0,22,1.0,0.3333333333333333,2,-0.16451140099023315,3,1.0,0.16194730971731802,7,5,7,False,False,False,True,True,False,False,False,False,False,False,False,False,False,False,False,True,False,True,False
-0.10115885313749257,0,430,-0.8875151110697495,0.75,1847,1.0,73,0.6666666666666667,2,0.3333333333333333,0.0975423000189697,19573,4,1,22,1.0,1.0,1,0.4783162424325279,2,0.6666666666666667,-0.9810141559830953,0,0,0,False,True,True,False,False,False,False,True,False,False,False,False,False,False,False,True,False,False,True,False
0.6653541062033014,0,1422,-0.8875151110697495,0.75,1849,0.0,92,0.6666666666666667,2,1.0,-0.17591772476188458,19246,1,0,20,1.0,0.6666666666666667,1,-0.5502079870438897,5,0.6666666666666667,-0.0013328996684553085,7,7,7,True,False,False,True,True,False,False,False,False,True,False,False,False,False,False,False,True,False,True,False
-1.0866755151470848,0,1297,-0.5173324155417446,0.25,1850,1.0,53,0.6666666666666667,1,1.0,-0.8762473608750903,19826,0,1,14,0.0,0.6666666666666667,0,-0.678773515728442,3,0.3333333333333333,-0.32789331844000197,4,0,2,True,False,True,False,True,False,False,False,False,False,False,True,False,False,False,False,False,False,False,True
-0.8676718124782865,0,574,1.3335810620982798,0.0,1852,1.0,40,0.6666666666666667,1,1.0,-0.5717654529411632,7003,1,0,13,0.0,0.3333333333333333,0,-0.03594587230568093,3,1.0,0.651787937874638,8,3,10,True,False,True,False,False,False,True,False,False,True,False,True,False,False,False,False,False,False,True,False
-0.5391662584750891,0,1318,0.09963874367159682,0.75,1853,1.0,79,0.6666666666666667,2,1.0,-0.3941333000920612,26075,8,0,13,0.0,0.6666666666666667,0,-0.9359045730975464,2,1.0,-1.1442943653688686,0,0,0,True,False,False,True,False,True,False,False,False,True,False,False,False,False,False,False,True,False,False,True
0.5558522548689022,0,355,0.09963874367159682,0.75,1854,0.6666666666666667,38,0.6666666666666667,1,0.6666666666666667,-0.7578967518596001,6161,3,0,22,1.0,0.3333333333333333,2,-0.16451140099023315,1,0.3333333333333333,-0.16461310905422863,3,3,3,False,False,True,False,False,False,False,False,True,True,False,False,False,False,False,True,False,False,True,False
1.103361511540898,0,207,-0.02375548817107146,0.75,1856,0.3333333333333333,64,0.6666666666666667,1,0.6666666666666667,-0.9344665114500351,5411,4,0,12,0.0,0.6666666666666667,0,-0.5502079870438897,2,0.6666666666666667,-0.8177339465973219,2,2,0,False,True,True,False,True,False,False,False,False,False,False,True,False,False,False,False,False,False,False,True
0.9938596602064987,0,706,-0.8875151110697495,0.25,1857,1.0,82,0.6666666666666667,3,1.0,0.44090780122010453,19989,3,0,14,0.0,0.6666666666666667,1,0.09261965637887129,4,0.3333333333333333,0.32522751910309133,8,4,7,False,True,True,False,True,False,False,False,False,True,False,False,False,True,False,False,False,False,False,False
-0.9771736638126857,0,280,-1.0109093429124179,0.25,1858,0.6666666666666667,43,0.6666666666666667,1,1.0,-0.8067668417582765,10494,1,0,15,0.0,0.3333333333333333,1,-1.0644701017820986,2,0.6666666666666667,-0.6544537372115486,2,2,2,False,False,False,False,True,False,False,False,False,True,True,False,False,False,False,False,False,False,False,False
-0.8676718124782865,0,726,2.4441291486822943,0.0,1859,1.0,93,0.0,2,0.6666666666666667,-0.025270360682921343,21143,8,0,17,0.0,1.0,2,-0.03594587230568093,3,0.6666666666666667,-0.0013328996684553085,0,1,6,False,True,True,False,True,False,False,False,False,True,False,False,False,False,False,False,False,False,False,False
0.5558522548689022,0,1142,-0.14714972001373974,0.5,1860,1.0,81,0.6666666666666667,1,0.6666666666666667,-0.5386187832707566,13624,4,0,13,0.0,1.0,0,-0.42164245835933756,3,0.6666666666666667,-1.1442943653688686,0,0,0,False,True,True,False,True,False,False,False,False,True,False,True,False,False,False,False,False,False,False,True
-0.5391662584750891,1,414,-0.8875151110697495,0.75,1862,0.6666666666666667,82,0.3333333333333333,2,0.3333333333333333,0.7232919293737606,26186,7,1,12,0.0,0.6666666666666667,0,-0.5502079870438897,3,0.3333333333333333,-0.8177339465973219,2,2,2,False,True,False,True,False,True,False,False,False,True,False,False,False,False,False,False,True,False,False,True
0.9938596602064987,0,1319,-0.7641208792270812,0.5,1863,0.0,45,1.0,4,0.0,1.4282960958251005,7739,2,0,12,0.0,1.0,1,1.76397152927805,5,0.6666666666666667,1.9580296129608246,17,2,8,False,True,False,True,False,False,False,False,True,False,False,False,False,False,False,False,True,False,False,False
-1.0866755151470848,0,728,1.7037637576262845,0.0,1864,0.3333333333333333,36,0.3333333333333333,2,0.6666666666666667,-0.6295596462126413,7018,1,0,21,1.0,1.0,1,-0.2930769296747854,5,0.6666666666666667,0.32522751910309133,8,5,8,False,True,False,True,False,False,True,False,False,False,False,False,False,False,False,False,False,True,True,False
-0.8676718124782865,0,352,-0.3939381836990763,0.0,1865,1.0,87,0.3333333333333333,1,0.3333333333333333,-0.7859439338884057,15434,1,0,11,0.0,1.0,0,-1.3216011591512031,3,0.6666666666666667,-0.9810141559830953,0,0,0,False,True,False,False,False,False,True,False,False,True,True,False,False,False,False,False,False,False,True,False
0.6653541062033014,0,823,-0.3939381836990763,0.5,1866,0.0,81,0.3333333333333333,5,0.6666666666666667,2.7386519410648273,22539,7,0,13,0.0,1.0,0,1.2497094145398413,2,0.6666666666666667,1.4681889848035046,12,6,14,False,True,True,False,False,False,True,False,False,False,False,False,True,False,False,False,False,False,True,False
1.2128633628752972,0,1224,0.09963874367159682,0.5,1867,1.0,91,0.3333333333333333,5,0.3333333333333333,2.796658612988039,13583,4,0,12,0.0,1.0,0,2.2782336440162587,3,0.6666666666666667,2.4478702411181446,10,12,9,False,True,True,False,True,False,False,False,False,True,False,False,False,False,True,False,False,False,True,False
-0.8676718124782865,1,459,1.827157989468953,0.25,1868,1.0,73,0.3333333333333333,1,1.0,-0.8634986417710877,14753,1,1,24,1.0,0.3333333333333333,0,-1.3216011591512031,3,0.3333333333333333,-0.9810141559830953,0,1,0,True,False,True,False,True,False,False,False,False,True,False,False,False,False,False,True,False,False,False,True
0.9938596602064987,1,1254,0.09963874367159682,0.5,1869,0.6666666666666667,64,0.6666666666666667,3,0.3333333333333333,0.17233478542911787,14011,5,0,21,1.0,0.6666666666666667,3,0.34975071374797573,2,0.6666666666666667,0.16194730971731802,7,0,7,False,True,False,True,True,False,False,False,False,False,False,False,False,False,False,False,True,False,True,False
-1.0866755151470848,0,1131,0.7166099028849382,0.5,1870,1.0,77,0.3333333333333333,1,0.0,-0.3673609899736559,23844,0,0,19,0.0,1.0,1,-0.42164245835933756,2,0.3333333333333333,-0.0013328996684553085,6,7,3,True,False,True,False,True,False,False,False,False,False,False,False,False,False,False,True,False,False,True,False
0.22734670086570485,0,835,1.2101868302556114,0.75,1871,1.0,41,0.6666666666666667,2,1.0,-0.5526423742851594,5141,8,0,14,0.0,0.3333333333333333,3,-0.5502079870438897,2,0.6666666666666667,-0.8177339465973219,2,2,2,False,True,True,False,False,False,False,True,False,True,False,False,False,False,False,True,False,False,False,False
1.979376322216091,0,836,-0.8875151110697495,0.75,1873,0.3333333333333333,98,0.3333333333333333,1,1.0,-0.816115902434545,7975,8,0,20,1.0,0.3333333333333333,1,0.9925783571707368,2,1.0,-0.32789331844000197,2,0,4,False,True,True,False,False,False,False,False,True,True,False,False,False,False,False,True,False,False,True,False
-0.9771736638126857,0,1172,-0.7641208792270812,0.5,1875,0.3333333333333333,78,0.6666666666666667,1,0.3333333333333333,-0.7748950439982701,3692,1,0,19,0.0,1.0,1,-1.3216011591512031,3,0.6666666666666667,-0.9810141559830953,0,0,0,False,True,False,True,False,False,True,False,False,False,False,False,False,False,False,False,False,True,True,False
-0.7581699611438873,1,945,-0.02375548817107146,0.5,1876,0.3333333333333333,89,0.6666666666666667,1,1.0,-1.1520446508250117,16019,1,0,13,0.0,0.6666666666666667,0,-1.3216011591512031,3,0.3333333333333333,-0.9810141559830953,0,0,0,False,True,False,True,False,False,True,False,False,True,False,False,False,False,False,False,False,True,False,True
-1.6341847718190805,1,391,-0.270543951856408,0.0,1878,1.0,75,0.6666666666666667,1,0.3333333333333333,-0.8564868462638864,26092,1,1,23,1.0,0.0,0,-1.3216011591512031,2,0.6666666666666667,-0.9810141559830953,0,0,0,False,True,True,False,True,False,False,False,False,True,False,False,False,False,False,True,False,False,False,True
-0.10115885313749257,0,1266,0.09963874367159682,0.75,1880,0.3333333333333333,63,0.3333333333333333,2,0.6666666666666667,-0.17634268206535134,6060,1,1,13,0.0,0.0,1,-0.16451140099023315,4,0.6666666666666667,0.48850772848886465,9,1,7,False,True,False,True,False,False,False,False,True,False,False,False,False,False,False,False,True,False,True,False
-0.6486681098094882,0,311,1.3335810620982798,0.5,1881,0.3333333333333333,89,0.6666666666666667,2,0.6666666666666667,-0.48996117202381356,18624,1,0,11,0.0,0.0,1,-0.16451140099023315,2,0.6666666666666667,0.48850772848886465,8,0,2,False,True,True,False,True,False,False,False,False,True,False,True,False,False,False,False,False,False,False,False
-0.3201625558062908,0,1480,-0.6407266473844129,0.5,1882,0.6666666666666667,64,0.6666666666666667,3,1.0,0.6820710709374858,24444,2,1,13,0.0,1.0,3,-0.2930769296747854,3,0.6666666666666667,-0.32789331844000197,3,1,0,False,True,False,True,True,False,False,False,False,True,False,False,False,False,False,False,True,False,True,False
-0.8676718124782865,0,592,-0.270543951856408,0.5,1883,1.0,59,0.6666666666666667,1,0.0,-0.9436030934745703,19384,3,0,14,0.0,0.3333333333333333,0,-0.03594587230568093,2,0.6666666666666667,-0.6544537372115486,2,1,2,False,True,True,False,True,False,False,False,False,True,False,True,False,False,False,False,False,False,False,True
0.008342998196906572,0,783,-0.270543951856408,0.75,1885,1.0,78,0.6666666666666667,2,0.0,-0.4714755293230099,13588,5,1,22,1.0,0.6666666666666667,1,0.6068817711170802,2,0.6666666666666667,-0.32789331844000197,3,0,4,False,True,True,False,False,False,True,False,False,True,False,False,False,False,False,True,False,False,True,False
-0.2106607044718917,0,219,0.8400041347276065,0.25,1886,1.0,44,0.3333333333333333,2,0.3333333333333333,-0.3643862888493887,25388,0,1,11,0.0,1.0,0,-0.9359045730975464,2,0.6666666666666667,-0.6544537372115486,2,0,2,False,True,True,False,False,False,False,True,False,False,False,False,False,True,False,False,False,False,True,False
0.8843578088720997,0,556,1.950552221311621,0.25,1888,0.3333333333333333,93,0.3333333333333333,2,1.0,-0.12683515621147484,23888,0,0,13,0.0,1.0,2,-0.16451140099023315,2,0.3333333333333333,0.32522751910309133,8,3,8,False,True,True,False,True,False,False,False,False,False,False,False,False,True,False,False,False,False,True,False
-0.10115885313749257,0,1213,-0.8875151110697495,0.0,1890,0.3333333333333333,94,0.3333333333333333,2,1.0,-0.5560420327128933,4223,1,0,21,1.0,1.0,0,-0.16451140099023315,2,0.3333333333333333,0.48850772848886465,1,0,8,True,False,False,False,False,False,False,False,False,True,True,False,False,False,False,False,False,False,False,True
0.33684855220010396,0,1137,-1.0109093429124179,0.75,1892,0.0,98,0.6666666666666667,4,0.0,2.192794284761786,18991,2,0,11,0.0,0.0,1,1.3782749432243935,3,0.6666666666666667,1.9580296129608246,7,11,16,False,True,True,False,True,False,False,False,False,True,False,False,True,False,False,False,False,False,False,False
-1.1961773664814839,0,482,-1.0109093429124179,0.25,1893,0.3333333333333333,90,0.3333333333333333,1,0.6666666666666667,-0.7585341878148002,14908,1,1,13,0.0,0.6666666666666667,1,-1.3216011591512031,3,0.3333333333333333,-0.9810141559830953,0,1,0,False,True,True,False,True,False,False,False,False,False,False,False,False,False,False,True,False,False,True,False
-1.0866755151470848,0,511,-0.8875151110697495,0.25,1898,0.0,89,1.0,2,0.6666666666666667,-0.000622837081849785,26997,0,0,14,0.0,0.3333333333333333,0,-0.2930769296747854,5,0.3333333333333333,0.16194730971731802,7,0,7,False,True,False,True,False,False,True,False,False,False,False,False,False,False,False,False,True,False,False,True
1.2128633628752972,0,117,1.5803695257836163,0.5,1900,1.0,58,0.6666666666666667,4,1.0,2.2673742915202006,2437,3,0,11,0.0,0.3333333333333333,1,1.6354060005934978,3,0.6666666666666667,2.4478702411181446,17,4,7,True,False,True,False,False,False,True,False,False,False,False,False,True,False,False,False,False,False,False,False
0.7748559575377005,0,170,-1.0109093429124179,0.75,1903,0.3333333333333333,78,1.0,2,0.0,-0.3123290191747117,9364,2,0,15,0.0,1.0,1,-0.16451140099023315,5,0.6666666666666667,-0.8177339465973219,0,2,2,False,True,True,False,True,False,False,False,False,True,False,False,False,False,False,False,False,False,True,False
-0.3201625558062908,1,967,0.8400041347276065,0.75,1905,1.0,85,0.0,1,0.0,-0.8915458237998933,14460,1,1,23,1.0,0.3333333333333333,1,-0.8073390444129942,2,0.6666666666666667,-0.32789331844000197,2,3,0,False,False,True,False,False,False,False,False,True,True,False,False,False,False,False,True,False,False,True,False
2.08887817355049,1,1162,1.827157989468953,0.25,1907,0.0,97,0.6666666666666667,1,1.0,-0.8320518013145481,10261,1,0,16,0.0,1.0,0,-0.8073390444129942,3,0.6666666666666667,-0.4911735278257753,2,1,0,False,True,True,False,True,False,False,False,False,True,False,True,False,False,False,False,False,False,False,True
-0.10115885313749257,0,335,0.9633983665702748,0.25,1908,0.6666666666666667,33,0.3333333333333333,2,0.3333333333333333,-0.21161413825309167,16822,2,0,16,0.0,0.6666666666666667,2,0.09261965637887129,1,0.0,-0.4911735278257753,2,1,3,False,True,False,True,False,True,False,False,False,True,False,False,False,False,False,False,True,False,True,False
0.4463504035345031,0,337,-0.14714972001373974,0.5,1909,0.6666666666666667,54,0.6666666666666667,2,0.3333333333333333,-0.448315356284072,26841,5,0,21,1.0,0.6666666666666667,1,0.34975071374797573,3,0.6666666666666667,-0.32789331844000197,4,1,4,False,True,False,True,False,True,False,False,False,False,False,False,False,False,False,False,True,False,True,False
0.5558522548689022,0,1396,-0.3939381836990763,0.5,1911,0.6666666666666667,83,0.6666666666666667,3,0.0,1.4544309699883058,14842,9,0,13,0.0,0.3333333333333333,1,0.8640128284861845,3,1.0,0.9783483566461847,7,5,7,False,True,True,False,False,False,True,False,False,True,False,False,False,False,True,False,False,False,True,False
-0.6486681098094882,0,1079,0.09963874367159682,0.25,1912,0.6666666666666667,86,0.6666666666666667,2,1.0,0.017012891012020383,20115,2,1,11,0.0,1.0,1,-0.42164245835933756,2,0.6666666666666667,-0.32789331844000197,2,1,4,False,True,False,True,False,False,True,False,False,False,False,False,False,False,False,False,True,False,False,False
-0.3201625558062908,0,735,-0.7641208792270812,0.0,1915,1.0,75,0.3333333333333333,2,1.0,0.3399804416467512,16495,3,1,12,0.0,0.6666666666666667,0,-0.2930769296747854,3,0.3333333333333333,-0.4911735278257753,2,0,1,False,True,False,True,False,False,True,False,False,False,False,False,False,False,False,False,True,False,True,False
-0.6486681098094882,0,471,-0.6407266473844129,0.5,1916,0.0,62,1.0,1,0.6666666666666667,-0.5364939967534228,16031,8,0,12,0.0,0.3333333333333333,1,-0.9359045730975464,0,0.3333333333333333,-0.8177339465973219,2,2,2,False,True,True,False,False,False,True,False,False,False,False,True,False,False,False,False,False,False,False,False
-1.1961773664814839,0,1096,-0.3939381836990763,0.5,1918,0.6666666666666667,61,1.0,1,1.0,-0.8411883833390833,7102,0,0,18,0.0,0.0,1,-0.42164245835933756,3,0.6666666666666667,-0.0013328996684553085,7,7,7,True,False,True,False,False,False,False,True,False,True,False,True,False,False,False,False,False,False,True,False
0.8843578088720997,0,1297,-1.0109093429124179,0.75,1922,0.3333333333333333,44,0.6666666666666667,2,0.6666666666666667,-0.23456183264029623,14511,4,0,12,0.0,0.6666666666666667,0,0.09261965637887129,3,0.6666666666666667,-0.4911735278257753,2,0,3,True,False,True,False,False,False,True,False,False,True,False,False,False,False,False,False,False,False,False,True
-0.42966440714069,0,217,0.09963874367159682,0.75,1924,0.3333333333333333,43,0.6666666666666667,2,0.6666666666666667,-0.2158637112877592,10410,1,0,14,0.0,0.3333333333333333,0,-0.16451140099023315,2,0.3333333333333333,0.48850772848886465,4,0,9,False,True,False,True,False,True,False,False,False,True,False,False,False,False,False,False,True,False,False,True
-0.9771736638126857,0,783,-1.0109093429124179,0.25,1927,0.6666666666666667,42,0.3333333333333333,2,1.0,0.07034503259709764,19255,1,1,12,0.0,0.6666666666666667,1,-0.5502079870438897,2,0.6666666666666667,-0.0013328996684553085,7,0,7,True,False,False,True,True,False,False,False,False,True,False,False,False,False,False,False,True,False,True,False
-0.8676718124782865,1,746,1.827157989468953,0.5,1928,0.6666666666666667,45,1.0,1,0.0,-1.149919864307678,10642,1,0,17,0.0,1.0,0,-1.3216011591512031,3,0.6666666666666667,-0.9810141559830953,0,0,0,True,False,False,True,False,False,False,False,True,True,False,False,False,False,False,False,False,True,False,True
0.22734670086570485,0,1251,1.456975293940948,0.75,1929,0.0,32,0.0,2,0.6666666666666667,-0.16295652700614868,3987,6,0,19,0.0,0.6666666666666667,1,-0.16451140099023315,1,0.6666666666666667,-0.6544537372115486,2,1,2,False,False,False,True,True,False,False,False,False,False,False,False,False,False,False,False,True,False,True,False
-1.0866755151470848,0,1354,-0.8875151110697495,0.75,1931,0.3333333333333333,41,0.6666666666666667,1,0.3333333333333333,-0.9087565945902967,6073,1,0,11,0.0,0.6666666666666667,1,-0.678773515728442,3,0.3333333333333333,-0.32789331844000197,3,1,2,False,True,True,False,False,False,False,False,True,True,False,False,False,False,False,True,False,False,True,False
-0.3201625558062908,0,735,1.5803695257836163,0.75,1932,0.6666666666666667,86,0.3333333333333333,2,1.0,-0.16061926183708156,26496,1,1,15,0.0,0.3333333333333333,0,0.6068817711170802,3,0.6666666666666667,1.3049087754177313,10,6,11,True,False,True,False,False,False,False,True,False,True,False,False,False,False,False,True,False,False,True,False
-0.9771736638126857,1,1475,0.4698214391996017,0.25,1933,1.0,84,0.6666666666666667,2,0.6666666666666667,0.7120305608318916,23352,3,1,11,0.0,1.0,0,-0.678773515728442,0,0.6666666666666667,-0.8177339465973219,0,2,2,False,True,False,True,False,True,False,False,False,False,False,False,False,False,False,False,True,False,False,True
1.103361511540898,0,1169,0.59321567104227,0.75,1934,0.6666666666666667,64,0.6666666666666667,2,0.3333333333333333,-0.2201132843224267,2125,8,0,18,0.0,0.6666666666666667,1,0.6068817711170802,4,1.0,0.16194730971731802,7,1,7,False,False,True,False,False,False,False,False,True,True,False,False,False,False,False,True,False,False,True,False
2.08887817355049,0,1443,0.2230329755142651,1.0,1935,1.0,89,0.3333333333333333,2,0.0,-0.23859892702323035,20328,4,0,16,0.0,0.6666666666666667,1,-0.678773515728442,3,0.6666666666666667,-1.1442943653688686,0,0,0,False,True,False,True,False,True,False,False,False,False,False,False,False,False,False,False,True,False,True,False
0.22734670086570485,0,867,-0.02375548817107146,0.25,1936,0.0,87,0.6666666666666667,2,0.0,-0.28725653827017333,12315,1,0,25,1.0,1.0,1,-0.16451140099023315,3,0.6666666666666667,0.48850772848886465,0,7,9,False,True,True,False,False,False,True,False,False,True,False,False,False,True,False,False,False,False,True,False
0.11784484953130571,0,1394,-0.14714972001373974,0.5,1937,1.0,58,0.3333333333333333,2,0.3333333333333333,-0.9285171092015007,18115,1,1,16,0.0,0.6666666666666667,1,1.121143885855289,3,0.6666666666666667,2.1213098223465976,11,0,7,True,False,True,False,False,False,True,False,False,False,False,False,False,False,False,True,False,False,False,False
2.3078818762192883,0,605,1.456975293940948,0.5,1938,1.0,72,0.6666666666666667,4,1.0,2.4163218263852966,11761,4,1,13,0.0,0.6666666666666667,1,2.2782336440162587,2,0.3333333333333333,-0.9810141559830953,0,0,0,False,True,False,True,True,False,False,False,False,False,False,False,True,False,False,False,False,False,True,False
-0.5391662584750891,1,238,-0.5173324155417446,0.25,1939,0.0,47,1.0,1,0.6666666666666667,-0.8649859923332214,15318,3,1,14,0.0,0.0,0,-0.42164245835933756,2,0.6666666666666667,-0.4911735278257753,1,0,3,True,False,True,False,True,False,False,False,False,False,False,False,False,False,False,True,False,False,False,True
0.11784484953130571,0,1206,-0.02375548817107146,0.25,1940,0.3333333333333333,71,0.6666666666666667,1,1.0,-0.36799842592885607,14293,2,0,19,0.0,1.0,2,-0.16451140099023315,0,1.0,-0.32789331844000197,2,0,3,False,True,True,False,True,False,False,False,False,True,False,False,False,False,False,True,False,False,False,False
1.3223652142096962,0,1064,-0.8875151110697495,0.0,1941,0.3333333333333333,42,0.6666666666666667,5,1.0,2.6895693725144176,13738,3,0,15,0.0,1.0,0,2.1496681153317065,3,0.6666666666666667,-0.32789331844000197,4,4,3,True,False,True,False,True,False,False,False,False,True,False,False,False,False,True,False,False,False,True,False
0.5558522548689022,0,419,0.3464272073569334,0.75,1943,0.3333333333333333,77,0.6666666666666667,2,1.0,-0.3008551719811094,2900,3,1,12,0.0,0.6666666666666667,2,0.34975071374797573,4,0.6666666666666667,-1.1442943653688686,0,0,0,False,True,False,True,False,True,False,False,False,True,False,False,False,False,False,False,True,False,False,False
-1.0866755151470848,1,1337,1.5803695257836163,0.5,1944,0.0,58,0.3333333333333333,1,0.3333333333333333,-0.7734076934361366,19555,1,0,12,0.0,0.0,0,-1.3216011591512031,2,0.6666666666666667,-0.9810141559830953,0,0,0,True,False,False,False,False,False,False,False,False,False,True,False,False,False,False,False,False,False,True,False
-0.2106607044718917,0,682,1.0867925984129432,0.75,1945,0.3333333333333333,71,0.6666666666666667,2,0.0,-0.20014029105948938,15975,0,0,16,0.0,1.0,1,-0.678773515728442,2,0.0,-0.32789331844000197,3,0,4,False,True,False,True,False,False,True,False,False,True,False,False,False,False,False,False,True,False,True,False
-0.9771736638126857,0,1103,0.8400041347276065,0.5,1947,0.6666666666666667,49,0.6666666666666667,1,0.6666666666666667,-0.9261798440324335,2122,1,0,14,0.0,0.6666666666666667,0,-0.8073390444129942,3,0.3333333333333333,-0.32789331844000197,3,1,4,False,False,True,False,False,False,True,False,False,True,False,False,False,False,False,True,False,False,False,True
-0.6486681098094882,0,976,-0.7641208792270812,0.25,1948,0.6666666666666667,48,0.6666666666666667,1,0.0,-0.7304870057859947,3995,1,1,13,0.0,1.0,1,-0.9359045730975464,3,1.0,-0.4911735278257753,2,2,3,False,False,True,False,False,False,True,False,False,True,False,False,False,False,False,True,False,False,False,False
-0.10115885313749257,0,1351,-0.02375548817107146,0.75,1949,0.0,66,1.0,1,0.3333333333333333,-0.7846690619780055,9238,1,0,22,1.0,0.3333333333333333,0,-0.8073390444129942,3,0.6666666666666667,-0.32789331844000197,4,0,2,False,False,True,False,True,False,False,False,False,True,False,True,False,False,False,False,False,False,True,False
-0.3201625558062908,0,937,-1.0109093429124179,0.5,1950,0.0,32,0.6666666666666667,3,1.0,0.7192548349908264,6770,1,0,21,1.0,0.0,0,0.34975071374797573,3,0.3333333333333333,1.141628566031958,8,2,1,False,True,False,True,False,True,False,False,False,True,False,False,False,False,False,False,True,False,False,True
-0.3201625558062908,0,1239,0.4698214391996017,0.75,1951,1.0,39,0.6666666666666667,3,0.6666666666666667,0.4515317338067733,22914,1,0,18,0.0,0.6666666666666667,1,-0.2930769296747854,2,0.3333333333333333,0.16194730971731802,7,1,1,False,True,False,True,False,False,True,False,False,True,False,False,False,False,False,False,True,False,False,False
-1.1961773664814839,0,157,-1.0109093429124179,0.5,1952,0.6666666666666667,95,0.6666666666666667,1,0.0,-0.7725577788292031,20006,0,0,13,0.0,1.0,0,-0.42164245835933756,6,0.3333333333333333,-0.0013328996684553085,7,7,6,False,True,True,False,False,False,True,False,False,True,False,True,False,False,False,False,False,False,False,True
-0.8676718124782865,0,136,-1.0109093429124179,0.5,1954,0.0,89,0.6666666666666667,2,0.0,-0.240086277585364,6225,0,0,12,0.0,0.0,1,-0.678773515728442,5,0.3333333333333333,-0.32789331844000197,3,0,2,False,True,True,False,True,False,False,False,False,True,False,False,False,False,False,False,False,False,True,False
-0.5391662584750891,0,1146,0.7166099028849382,0.75,1955,0.6666666666666667,34,0.6666666666666667,2,1.0,0.03486109775762392,16542,5,0,18,0.0,0.3333333333333333,1,-0.2930769296747854,6,0.6666666666666667,-0.32789331844000197,1,1,2,False,False,True,False,False,False,True,False,False,False,False,False,False,False,False,False,False,False,False,False
-0.6486681098094882,0,1125,-1.0109093429124179,0.5,1956,1.0,48,0.0,2,0.0,-0.31870337872671295,5771,1,0,21,1.0,0.3333333333333333,0,-0.16451140099023315,6,0.6666666666666667,0.48850772848886465,8,8,7,True,False,True,False,True,False,False,False,False,True,False,False,False,False,False,True,False,False,True,False
-0.9771736638126857,1,1404,0.9633983665702748,0.5,1960,0.6666666666666667,32,0.3333333333333333,1,1.0,-0.8787971046958908,18779,5,0,12,0.0,0.0,1,-0.678773515728442,2,0.3333333333333333,-0.4911735278257753,1,0,3,False,True,True,False,False,False,False,False,True,True,False,True,False,False,False,False,False,False,False,False
0.11784484953130571,0,1404,-1.0109093429124179,0.5,1961,0.0,59,0.3333333333333333,1,0.0,-0.7744700866948034,11473,4,0,14,0.0,0.0,0,1.121143885855289,3,0.3333333333333333,-0.9810141559830953,0,0,0,False,True,False,True,True,False,False,False,False,True,False,False,False,False,False,False,False,True,False,True
-0.2106607044718917,0,1224,-0.270543951856408,0.75,1962,0.6666666666666667,55,0.6666666666666667,2,1.0,-0.27599516972830446,13586,1,1,11,0.0,1.0,0,-0.16451140099023315,2,0.6666666666666667,0.48850772848886465,8,0,9,False,True,False,True,True,False,False,False,False,False,False,False,False,False,False,False,True,False,True,False
-1.0866755151470848,0,954,-0.02375548817107146,0.5,1965,1.0,44,0.6666666666666667,2,1.0,-0.5095092079832841,5099,1,0,14,0.0,0.0,0,-0.5502079870438897,5,0.6666666666666667,-0.0013328996684553085,7,0,7,False,True,False,True,False,True,False,False,False,True,False,False,False,False,False,False,True,False,False,True
-0.5391662584750891,0,1373,-0.5173324155417446,0.75,1966,1.0,56,0.3333333333333333,2,1.0,0.674846796778551,10138,8,0,24,1.0,0.3333333333333333,0,-0.42164245835933756,1,0.6666666666666667,-0.9810141559830953,0,0,0,False,True,True,False,True,False,False,False,False,True,False,False,False,True,False,False,False,False,False,True
-0.6486681098094882,1,754,2.0739464531542895,0.75,1967,0.0,63,0.6666666666666667,2,1.0,-0.18824148656242037,21075,1,1,11,0.0,0.6666666666666667,0,-0.16451140099023315,4,0.6666666666666667,0.48850772848886465,7,0,8,True,False,False,True,False,True,False,False,False,True,False,False,False,False,False,False,True,False,True,False
1.7603726195472926,1,1168,1.827157989468953,0.75,1968,0.0,66,0.6666666666666667,3,0.0,0.8382428799615167,5843,6,1,13,0.0,0.3333333333333333,0,0.4783162424325279,2,0.3333333333333333,-0.8177339465973219,2,2,2,False,True,False,True,True,False,False,False,False,True,False,False,False,False,False,False,True,False,False,True
1.869874470881692,0,155,-0.02375548817107146,0.25,1969,0.0,67,0.6666666666666667,2,0.6666666666666667,-0.7661834192772018,22474,3,0,11,0.0,0.6666666666666667,2,-0.2930769296747854,6,0.3333333333333333,-0.4911735278257753,3,2,3,False,True,True,False,True,False,False,False,False,False,False,False,False,False,False,True,False,False,True,False
-0.42966440714069,0,1303,-0.270543951856408,0.25,1970,1.0,36,0.6666666666666667,2,0.6666666666666667,-0.11366147980400555,18079,1,0,20,1.0,0.6666666666666667,3,-0.2930769296747854,2,0.6666666666666667,0.32522751910309133,7,2,8,True,False,True,False,True,False,False,False,False,True,False,False,False,False,False,False,False,False,False,False
0.6653541062033014,0,574,0.2230329755142651,0.5,1971,0.0,30,0.6666666666666667,3,0.6666666666666667,0.21398060116885947,16873,1,0,17,0.0,0.3333333333333333,1,-0.16451140099023315,1,0.6666666666666667,0.48850772848886465,9,0,9,False,True,True,False,True,False,False,False,False,True,False,False,False,False,False,False,False,False,True,False
0.11784484953130571,0,1444,-1.0109093429124179,0.75,1972,1.0,88,0.6666666666666667,1,0.3333333333333333,-0.7462104260142645,5224,0,1,11,0.0,0.3333333333333333,1,-0.5502079870438897,2,0.6666666666666667,-0.16461310905422863,2,1,2,True,False,False,False,False,False,False,True,False,True,True,False,False,False,False,False,False,False,True,False
1.979376322216091,0,189,2.0739464531542895,0.75,1973,0.6666666666666667,71,1.0,5,0.3333333333333333,2.790496732087771,25811,4,1,18,0.0,0.0,1,3.049626816123572,0,0.6666666666666667,0.48850772848886465,9,1,4,False,True,False,False,False,False,False,False,False,True,False,False,True,False,False,False,False,False,True,False
-0.6486681098094882,0,1276,-0.8875151110697495,0.0,1974,1.0,59,0.0,1,1.0,-1.1418456755418096,17536,1,1,11,0.0,0.6666666666666667,3,-1.3216011591512031,4,0.6666666666666667,-0.9810141559830953,0,0,0,False,True,True,False,False,False,True,False,False,False,False,True,False,False,False,False,False,False,False,False
0.22734670086570485,0,119,0.7166099028849382,0.75,1975,0.3333333333333333,77,0.6666666666666667,4,0.0,1.452943619426172,25098,0,0,12,0.0,0.0,0,1.2497094145398413,3,0.6666666666666667,2.1213098223465976,8,11,10,False,True,False,True,False,True,False,False,False,True,False,False,False,False,False,False,True,False,False,True
0.5558522548689022,0,335,1.7037637576262845,0.25,1976,1.0,37,0.3333333333333333,2,0.6666666666666667,-0.4612765540398079,14811,1,0,12,0.0,1.0,0,1.121143885855289,2,0.6666666666666667,2.1213098223465976,9,3,7,False,False,True,False,True,False,False,False,False,True,False,False,False,False,False,True,False,False,False,True
-0.6486681098094882,0,697,0.09963874367159682,0.5,1979,0.6666666666666667,40,0.6666666666666667,3,0.6666666666666667,0.9621179339220747,26862,4,0,20,1.0,0.6666666666666667,1,0.2211851850634235,2,1.0,0.651787937874638,7,4,8,False,False,True,False,False,False,True,False,False,False,False,False,False,False,True,False,False,False,True,False
1.869874470881692,0,157,0.09963874367159682,0.5,1980,0.6666666666666667,77,0.6666666666666667,2,0.0,-0.4383288596526033,25198,6,1,19,0.0,1.0,0,-0.2930769296747854,3,0.6666666666666667,-0.32789331844000197,2,1,4,False,True,True,False,False,False,True,False,False,False,False,False,False,True,False,False,False,False,False,True
-1.4151810691502822,0,771,-1.0109093429124179,0.25,1981,0.3333333333333333,45,0.3333333333333333,2,0.6666666666666667,-0.4007201382957959,14120,1,0,12,0.0,0.3333333333333333,0,-0.9359045730975464,2,0.3333333333333333,-0.4911735278257753,3,1,2,False,True,True,False,True,False,False,False,False,True,False,False,False,False,False,False,False,False,False,True
-1.5246829204846812,0,571,0.3464272073569334,0.25,1982,1.0,78,0.6666666666666667,1,1.0,-0.8193030822105456,13672,1,0,13,0.0,0.6666666666666667,0,-0.8073390444129942,6,1.0,-0.32789331844000197,2,1,4,False,True,True,False,False,False,False,True,False,True,False,True,False,False,False,False,False,False,False,True
0.33684855220010396,0,692,0.2230329755142651,0.5,1985,1.0,73,0.6666666666666667,2,0.6666666666666667,-0.03823155843865725,26849,1,0,11,0.0,0.0,1,-0.16451140099023315,2,1.0,0.48850772848886465,9,9,4,True,False,True,False,False,False,False,False,True,False,False,True,False,False,False,False,False,False,True,False
0.33684855220010396,0,444,-0.8875151110697495,0.25,1986,0.3333333333333333,92,0.6666666666666667,2,0.3333333333333333,-0.17549276745841783,4258,3,0,14,0.0,0.6666666666666667,1,0.4783162424325279,4,0.6666666666666667,0.651787937874638,8,5,10,False,True,False,True,False,True,False,False,False,False,False,False,False,False,False,False,True,False,True,False
-1.3056792178158831,0,309,-0.8875151110697495,0.5,1987,0.6666666666666667,82,0.6666666666666667,1,0.3333333333333333,-0.9170432620078983,19655,4,0,14,0.0,0.6666666666666667,0,-0.678773515728442,3,0.6666666666666667,-0.8177339465973219,0,1,2,False,True,False,False,False,False,False,False,False,False,True,False,False,False,False,False,False,False,True,False
-0.7581699611438873,0,911,-1.0109093429124179,0.25,1989,1.0,76,0.6666666666666667,1,0.3333333333333333,-0.5853640866520992,4077,1,0,13,0.0,0.6666666666666667,0,0.09261965637887129,6,0.3333333333333333,0.8150681472604113,8,1,7,False,True,True,False,False,False,True,False,False,True,False,True,False,False,False,False,False,False,True,False
-1.3056792178158831,0,977,-0.8875151110697495,0.0,1992,1.0,57,0.6666666666666667,1,0.6666666666666667,-0.5367064754051563,7298,6,1,19,0.0,0.6666666666666667,1,-0.5502079870438897,2,0.3333333333333333,-0.8177339465973219,2,0,2,False,True,True,False,False,False,False,True,False,True,False,True,False,False,False,False,False,False,False,False
1.103361511540898,0,1180,1.950552221311621,0.5,1993,0.0,84,0.6666666666666667,3,0.6666666666666667,0.45259412706544017,13084,2,0,23,1.0,0.3333333333333333,0,1.76397152927805,3,0.6666666666666667,1.6314691941892778,14,12,11,False,True,True,False,False,False,True,False,False,True,False,False,False,False,False,False,False,False,False,True
-0.42966440714069,0,1313,-1.0109093429124179,0.25,1994,0.3333333333333333,59,0.3333333333333333,1,0.6666666666666667,-0.9550769406681726,20439,1,0,12,0.0,0.6666666666666667,3,-1.3216011591512031,2,0.3333333333333333,-0.9810141559830953,1,0,0,False,False,True,False,False,False,True,False,False,True,False,True,False,False,False,False,False,False,False,False
0.11784484953130571,0,1321,-1.0109093429124179,0.75,1995,1.0,86,0.6666666666666667,2,0.3333333333333333,-0.4383288596526033,7636,0,0,15,0.0,0.0,2,0.6068817711170802,3,0.6666666666666667,1.3049087754177313,13,5,8,False,True,False,True,True,False,False,False,False,True,False,False,False,False,False,False,True,False,True,False
-0.6486681098094882,0,1154,-0.8875151110697495,0.25,1996,0.0,54,0.6666666666666667,1,0.6666666666666667,-0.7300620484825279,6393,0,0,19,0.0,0.6666666666666667,1,-1.0644701017820986,1,0.6666666666666667,-0.8177339465973219,2,1,2,False,True,False,True,True,False,False,False,False,True,False,False,False,False,False,False,False,True,True,False
0.11784484953130571,0,508,-0.3939381836990763,0.75,1997,0.0,72,0.3333333333333333,2,0.6666666666666667,-0.2511351674754995,14284,2,0,11,0.0,1.0,1,-0.16451140099023315,1,0.6666666666666667,0.16194730971731802,3,7,7,True,False,True,False,True,False,False,False,False,True,False,False,False,True,False,False,False,False,True,False
0.5558522548689022,0,557,1.0867925984129432,0.75,1998,1.0,35,0.6666666666666667,2,0.0,-0.2322245674712291,11189,6,1,17,0.0,0.6666666666666667,1,-0.2930769296747854,3,0.3333333333333333,-0.4911735278257753,3,1,2,False,True,True,False,True,False,False,False,False,True,False,False,False,False,False,True,False,False,False,False
0.4463504035345031,0,642,-1.0109093429124179,0.5,1999,1.0,76,0.6666666666666667,1,1.0,-0.7906184642265399,21412,3,0,22,1.0,0.0,1,0.09261965637887129,3,0.6666666666666667,-0.32789331844000197,3,1,0,False,True,True,False,True,False,False,False,False,True,False,False,False,False,False,True,False,False,True,False
1.103361511540898,0,1162,-1.0109093429124179,0.0,2000,0.6666666666666667,98,0.6666666666666667,3,0.3333333333333333,1.1588731654271804,17231,0,0,18,0.0,0.0,2,0.34975071374797573,3,0.0,0.9783483566461847,8,5,12,False,False,True,False,False,False,True,False,False,False,False,False,False,False,True,False,False,False,True,False
-0.2106607044718917,0,1490,0.2230329755142651,0.75,2003,1.0,43,0.6666666666666667,1,0.6666666666666667,-0.8165408597380117,20232,7,1,11,0.0,0.6666666666666667,1,-0.8073390444129942,3,0.6666666666666667,-0.8177339465973219,2,2,2,False,True,True,False,False,False,True,False,False,True,False,True,False,False,False,False,False,False,True,False
-1.6341847718190805,0,581,-1.0109093429124179,0.25,2007,1.0,63,0.6666666666666667,1,0.6666666666666667,-0.6646186237486482,17624,0,0,12,0.0,1.0,0,-0.9359045730975464,2,1.0,-0.6544537372115486,2,1,2,False,True,True,False,True,False,False,False,False,True,False,False,False,False,False,True,False,False,False,True
-0.2106607044718917,0,1395,-0.02375548817107146,0.75,2008,0.3333333333333333,48,0.6666666666666667,2,0.6666666666666667,-0.29851790681204227,18698,1,0,19,0.0,0.3333333333333333,0,-0.16451140099023315,5,0.6666666666666667,0.48850772848886465,7,0,8,False,True,True,False,False,False,True,False,False,True,False,False,False,False,False,True,False,False,False,True
-0.42966440714069,0,501,0.7166099028849382,0.25,2009,0.3333333333333333,95,0.6666666666666667,2,1.0,-0.34526321019338485,21653,0,1,13,0.0,0.0,1,-0.16451140099023315,6,0.6666666666666667,0.32522751910309133,7,8,1,False,True,True,False,False,False,True,False,False,False,False,False,False,False,False,False,False,False,True,False
-0.5391662584750891,0,267,2.4441291486822943,0.75,2010,0.6666666666666667,49,0.3333333333333333,1,0.3333333333333333,-0.7789321383812043,15919,1,0,13,0.0,0.6666666666666667,0,-0.678773515728442,3,0.6666666666666667,-0.16461310905422863,2,4,1,False,True,True,False,True,False,False,False,False,False,False,True,False,False,False,False,False,False,False,True
0.33684855220010396,0,543,-1.0109093429124179,0.75,2012,0.0,83,0.6666666666666667,1,1.0,-0.8705104372782891,4060,8,0,19,0.0,0.6666666666666667,2,-0.42164245835933756,3,0.3333333333333333,-0.9810141559830953,0,0,0,False,True,True,False,True,False,False,False,False,True,False,True,False,False,False,False,False,False,True,False
-0.5391662584750891,0,234,-1.0109093429124179,0.75,2013,0.3333333333333333,68,0.3333333333333333,1,0.3333333333333333,-0.8996200125657616,18024,0,0,14,0.0,0.3333333333333333,1,-1.0644701017820986,2,0.6666666666666667,-0.8177339465973219,2,2,2,False,True,False,True,False,False,True,False,False,True,False,False,False,False,False,False,False,True,True,False
0.22734670086570485,0,116,1.827157989468953,0.0,2014,0.0,52,0.6666666666666667,2,1.0,-0.508871772028084,5340,7,0,13,0.0,0.0,0,0.8640128284861845,2,0.6666666666666667,-0.0013328996684553085,7,1,7,False,True,True,False,True,False,False,False,False,True,False,False,False,False,False,True,False,False,False,True
0.11784484953130571,0,201,0.09963874367159682,0.5,2015,0.3333333333333333,99,0.0,3,0.6666666666666667,1.4242590014421663,3376,3,0,12,0.0,0.0,1,1.121143885855289,3,0.6666666666666667,1.794749403575051,16,1,11,False,True,True,False,False,False,True,False,False,False,False,False,False,False,True,False,False,False,True,False
-0.5391662584750891,0,801,-1.0109093429124179,0.75,2016,0.6666666666666667,48,0.6666666666666667,3,1.0,0.8327184350164489,24032,1,0,19,0.0,0.6666666666666667,2,0.34975071374797573,3,0.6666666666666667,1.141628566031958,10,5,7,False,True,False,True,False,True,False,False,False,False,False,False,False,False,False,False,True,False,True,False
0.008342998196906572,0,161,0.09963874367159682,0.5,2017,0.6666666666666667,42,1.0,3,1.0,1.5385725160747223,15471,1,1,25,1.0,0.0,1,0.6068817711170802,2,0.6666666666666667,1.4681889848035046,11,6,8,False,True,True,False,True,False,False,False,False,False,False,False,False,False,True,False,False,False,True,False
-1.3056792178158831,0,1382,-0.14714972001373974,0.25,2018,0.0,85,0.6666666666666667,2,0.6666666666666667,-0.339101329293117,13684,0,1,22,1.0,0.3333333333333333,1,-0.678773515728442,3,0.3333333333333333,-0.32789331844000197,3,0,4,False,True,False,True,False,False,False,True,False,False,False,False,False,False,False,False,True,False,False,False
1.6508707682128936,0,585,2.4441291486822943,0.75,2019,0.0,40,0.6666666666666667,1,1.0,-0.6418834080131771,19788,2,0,15,0.0,0.3333333333333333,2,0.6068817711170802,3,0.3333333333333333,0.32522751910309133,8,0,0,False,False,False,True,True,False,False,False,False,True,False,False,False,False,False,False,False,True,False,False
0.7748559575377005,0,1037,-1.0109093429124179,0.5,2020,0.3333333333333333,42,0.6666666666666667,1,1.0,-0.8641360777262879,13422,6,1,12,0.0,0.6666666666666667,0,-0.678773515728442,2,0.6666666666666667,-0.4911735278257753,3,1,2,False,True,True,False,False,False,True,False,False,True,False,False,False,False,False,True,False,False,False,True
-1.7436866231534796,0,501,-0.5173324155417446,0.0,2021,0.6666666666666667,58,0.6666666666666667,1,0.0,-0.8760348822233569,25479,1,1,11,0.0,1.0,0,-1.193035630466651,6,0.6666666666666667,-0.8177339465973219,2,1,2,False,True,False,True,False,False,True,False,False,True,False,False,False,False,False,False,False,True,False,True
0.22734670086570485,0,105,-0.02375548817107146,0.5,2022,1.0,87,0.6666666666666667,5,1.0,2.746938608482429,15302,2,0,13,0.0,0.6666666666666667,0,1.2497094145398413,3,0.3333333333333333,-0.16461310905422863,0,1,3,False,False,True,False,True,False,False,False,False,True,False,False,True,False,False,False,False,False,False,True
-1.5246829204846812,1,638,-0.02375548817107146,0.5,2023,1.0,33,0.6666666666666667,1,0.0,-1.0013972867460486,26956,1,0,19,0.0,0.0,1,-1.3216011591512031,3,0.3333333333333333,-0.9810141559830953,0,1,0,True,False,False,True,False,True,False,False,False,True,False,False,False,False,False,False,False,True,True,False
-0.10115885313749257,0,557,-0.7641208792270812,0.5,2024,0.0,94,0.3333333333333333,3,1.0,0.2424527405011318,12695,0,0,19,0.0,0.6666666666666667,2,-0.16451140099023315,2,0.6666666666666667,0.32522751910309133,7,3,4,False,True,False,True,False,False,True,False,False,False,False,False,False,False,False,False,True,False,True,False
-0.10115885313749257,0,688,-0.6407266473844129,0.25,2025,1.0,97,0.6666666666666667,2,0.3333333333333333,-0.2915061113048409,9192,7,0,13,0.0,0.3333333333333333,3,0.8640128284861845,3,0.6666666666666667,-0.4911735278257753,2,0,2,True,False,True,False,True,False,False,False,False,False,False,False,False,True,False,False,False,False,False,False
2.08887817355049,0,667,-1.0109093429124179,0.75,2026,0.6666666666666667,57,0.6666666666666667,2,0.6666666666666667,-0.041843695518124634,26236,1,0,21,1.0,0.0,1,0.2211851850634235,2,0.3333333333333333,0.9783483566461847,12,1,9,False,False,True,False,True,False,False,False,False,True,False,False,False,False,False,False,False,False,False,False
-0.8676718124782865,1,1092,-1.0109093429124179,0.75,2027,0.0,36,0.6666666666666667,1,1.0,-0.364598767501122,26124,9,1,14,0.0,0.3333333333333333,3,-0.9359045730975464,3,1.0,-0.8177339465973219,2,2,2,False,True,True,False,False,False,True,False,False,True,False,False,False,False,False,True,False,False,True,False
0.5558522548689022,0,300,-0.8875151110697495,0.5,2031,0.0,56,0.6666666666666667,5,0.6666666666666667,2.629862871377339,17312,5,0,11,0.0,0.0,0,1.6354060005934978,2,0.3333333333333333,2.4478702411181446,6,4,14,False,True,True,False,True,False,False,False,False,True,False,False,True,False,False,False,False,False,True,False
2.08887817355049,1,310,-0.270543951856408,0.25,2032,1.0,72,0.6666666666666667,1,0.6666666666666667,-0.8847465069444252,3666,8,0,11,0.0,1.0,1,0.34975071374797573,4,0.0,0.48850772848886465,9,9,8,False,True,True,False,False,False,False,False,True,True,False,True,False,False,False,False,False,False,True,False
0.4463504035345031,0,582,2.320734916839626,0.75,2034,0.0,60,0.3333333333333333,4,0.3333333333333333,1.501601230673115,5640,0,0,23,1.0,0.6666666666666667,1,1.2497094145398413,3,0.6666666666666667,2.1213098223465976,7,0,10,False,True,True,False,True,False,False,False,False,False,False,False,False,True,False,False,False,False,True,False
-0.3201625558062908,0,704,2.320734916839626,0.5,2035,1.0,95,0.3333333333333333,2,0.6666666666666667,0.04442263708562583,8978,1,0,21,1.0,1.0,2,-0.42164245835933756,2,0.6666666666666667,0.16194730971731802,7,1,7,False,True,False,True,False,True,False,False,False,False,False,False,False,False,False,False,True,False,True,False
-0.10115885313749257,0,301,0.7166099028849382,0.75,2036,1.0,88,0.0,2,1.0,-0.2330744820781626,10436,1,0,24,1.0,0.0,1,0.4783162424325279,4,0.3333333333333333,1.3049087754177313,12,11,11,False,False,False,True,False,True,False,False,False,True,False,False,False,False,False,False,True,False,False,False
0.4463504035345031,0,930,-0.7641208792270812,0.5,2037,0.6666666666666667,57,0.3333333333333333,2,0.3333333333333333,0.5174001158441197,12227,2,0,11,0.0,0.6666666666666667,1,0.34975071374797573,5,0.6666666666666667,-0.32789331844000197,4,0,4,False,True,False,True,True,False,False,False,False,True,False,False,False,False,False,False,True,False,False,False
-0.5391662584750891,0,529,-0.8875151110697495,0.5,2038,1.0,78,0.6666666666666667,1,0.0,-0.8634986417710877,11288,1,0,14,0.0,1.0,0,-0.9359045730975464,4,0.6666666666666667,-0.4911735278257753,2,1,2,False,True,True,False,False,False,False,False,True,True,False,False,False,False,False,True,False,False,False,True
-0.2106607044718917,0,1146,2.0739464531542895,0.75,2040,0.6666666666666667,31,0.6666666666666667,3,1.0,0.49593977201904876,16642,1,1,16,0.0,0.6666666666666667,0,-0.2930769296747854,2,0.6666666666666667,0.32522751910309133,0,1,7,False,True,False,False,True,False,False,False,False,False,True,False,False,False,False,False,False,False,False,True
0.11784484953130571,0,345,0.09963874367159682,0.25,2041,0.0,100,0.6666666666666667,2,1.0,-0.24646063713736524,5982,1,0,11,0.0,0.6666666666666667,1,-0.16451140099023315,1,0.6666666666666667,0.48850772848886465,7,1,9,False,True,False,True,True,False,False,False,False,False,False,False,False,False,False,False,True,False,True,False
1.4318670655440953,1,878,-1.0109093429124179,0.75,2044,0.3333333333333333,94,0.6666666666666667,2,0.6666666666666667,0.047822295513359835,14255,7,0,12,0.0,1.0,2,0.09261965637887129,3,0.6666666666666667,-0.16461310905422863,3,0,1,True,False,False,True,True,False,False,False,False,True,False,False,False,False,False,False,True,False,False,False
-0.10115885313749257,0,1120,0.2230329755142651,0.75,2045,0.3333333333333333,100,0.3333333333333333,2,1.0,0.03167391798162329,14369,4,0,13,0.0,0.0,1,-0.42164245835933756,2,0.3333333333333333,-0.16461310905422863,3,0,0,False,True,False,True,False,True,False,False,False,False,False,False,False,False,False,False,True,False,True,False
0.8843578088720997,0,374,1.3335810620982798,0.5,2046,1.0,50,0.6666666666666667,2,0.6666666666666667,-0.35121261244191937,23333,8,0,15,0.0,0.6666666666666667,0,-0.42164245835933756,3,0.6666666666666667,-0.32789331844000197,3,0,1,False,True,False,True,True,False,False,False,False,False,False,False,False,False,False,False,True,False,False,True
0.33684855220010396,0,1322,-0.8875151110697495,0.75,2048,0.6666666666666667,52,0.3333333333333333,1,0.6666666666666667,-0.7848815406297388,2725,2,0,14,0.0,1.0,0,-0.42164245835933756,2,0.6666666666666667,-0.8177339465973219,2,2,2,False,True,True,False,True,False,False,False,False,True,False,False,False,False,False,True,False,False,False,True
-0.2106607044718917,0,1199,1.0867925984129432,0.75,2049,0.6666666666666667,80,0.6666666666666667,2,0.6666666666666667,-0.17294302363761732,24594,1,1,14,0.0,1.0,2,-0.16451140099023315,2,1.0,0.48850772848886465,2,0,2,True,False,True,False,True,False,False,False,False,True,False,False,False,False,False,False,False,False,True,False
0.33684855220010396,0,1194,-0.8875151110697495,0.75,2051,0.6666666666666667,98,0.6666666666666667,1,0.6666666666666667,-0.9565642912303062,12549,2,0,14,0.0,0.3333333333333333,3,1.121143885855289,2,0.6666666666666667,-0.32789331844000197,3,0,2,False,True,True,False,False,False,True,False,False,False,False,False,False,False,False,True,False,False,True,False
-0.2106607044718917,0,287,-1.0109093429124179,0.75,2052,0.6666666666666667,62,0.0,1,1.0,-0.7491851271385317,8952,1,0,12,0.0,1.0,1,-0.9359045730975464,5,0.6666666666666667,-0.4911735278257753,3,1,1,False,True,True,False,True,False,False,False,False,False,False,False,False,False,False,True,False,False,True,False
-0.8676718124782865,0,1378,0.4698214391996017,0.25,2053,1.0,46,0.3333333333333333,2,0.3333333333333333,-0.5265075001219541,23679,4,1,13,0.0,0.0,1,-0.16451140099023315,2,0.6666666666666667,-0.4911735278257753,3,0,3,False,True,True,False,False,False,False,True,False,True,False,True,False,False,False,False,False,False,True,False
-0.8676718124782865,0,468,2.320734916839626,0.75,2054,1.0,73,0.3333333333333333,1,0.0,-0.5775023765379643,8489,1,0,14,0.0,0.3333333333333333,0,-0.8073390444129942,3,0.0,-0.32789331844000197,4,0,4,False,True,True,False,False,False,True,False,False,False,False,False,False,False,False,True,False,False,False,True
1.4318670655440953,1,410,2.320734916839626,0.5,2055,1.0,39,0.3333333333333333,3,0.0,0.9245092125652672,16586,4,1,13,0.0,0.3333333333333333,1,1.121143885855289,3,0.6666666666666667,-0.6544537372115486,2,2,0,False,True,False,True,False,True,False,False,False,True,False,False,False,False,False,False,True,False,False,False
0.22734670086570485,0,722,1.827157989468953,0.0,2056,0.3333333333333333,60,0.3333333333333333,4,1.0,1.17459658565545,8828,0,0,11,0.0,0.0,1,1.2497094145398413,2,0.3333333333333333,2.1213098223465976,9,9,6,False,True,False,True,False,True,False,False,False,False,False,False,False,False,False,False,True,False,True,False
-0.6486681098094882,0,325,-0.5173324155417446,0.5,2057,0.3333333333333333,74,0.6666666666666667,2,0.0,0.7294538102740284,3787,0,0,19,0.0,0.3333333333333333,0,-0.16451140099023315,2,0.6666666666666667,0.32522751910309133,4,1,7,False,False,True,False,False,False,True,False,False,True,False,False,False,True,False,False,False,False,False,True
-1.1961773664814839,0,1167,-0.5173324155417446,0.5,2060,1.0,30,0.3333333333333333,1,0.6666666666666667,-0.7515223923075989,21378,0,0,18,0.0,1.0,0,-0.8073390444129942,2,0.6666666666666667,-0.4911735278257753,2,0,0,False,True,False,True,False,False,False,True,False,False,False,False,False,False,False,False,False,True,False,True
-0.10115885313749257,0,884,1.7037637576262845,0.25,2061,0.6666666666666667,41,1.0,2,1.0,-0.8354514597422822,12290,4,0,17,0.0,0.6666666666666667,1,0.7354472998016324,3,0.6666666666666667,-0.32789331844000197,2,0,3,True,False,True,False,False,False,True,False,False,True,False,True,False,False,False,False,False,False,True,False
0.22734670086570485,0,613,-0.3939381836990763,0.0,2062,1.0,42,0.3333333333333333,3,0.0,0.7411401361193641,21457,4,0,15,0.0,0.0,1,-0.2930769296747854,5,0.6666666666666667,-0.0013328996684553085,7,1,7,False,True,True,False,False,False,True,False,False,True,False,False,False,False,False,False,False,False,True,False
-1.0866755151470848,0,155,-0.6407266473844129,0.5,2064,0.3333333333333333,87,1.0,2,0.3333333333333333,-0.07669019440239822,5174,1,1,20,1.0,0.3333333333333333,1,-0.678773515728442,0,0.6666666666666667,-0.16461310905422863,2,0,3,False,True,True,False,True,False,False,False,False,True,False,False,False,True,False,False,False,False,True,False
1.3223652142096962,0,1023,-0.8875151110697495,0.5,2065,1.0,63,0.3333333333333333,2,0.3333333333333333,-0.2364741405058966,13243,2,0,14,0.0,1.0,0,0.7354472998016324,3,0.3333333333333333,0.32522751910309133,6,0,8,True,False,False,True,False,False,True,False,False,True,False,False,False,False,False,False,True,False,True,False
-0.3201625558062908,0,628,-0.14714972001373974,0.5,2068,0.3333333333333333,82,1.0,2,0.6666666666666667,-0.44597809111500486,10228,2,0,12,0.0,0.0,0,-0.678773515728442,3,1.0,-0.4911735278257753,3,1,2,False,True,True,False,False,False,True,False,False,True,False,True,False,False,False,False,False,False,True,False
